=== non-contiguous nft : chains ===
Found 13319 chain interruption in 7174 different nfts
nft:	 contiguousTransactionCount1 contiguousTransactionCount2 ...

10:	1 
100:	1 2 
1002:	3 1 
1003:	6 
1004:	2 
1005:	1 
1006:	2 1 1 1 
1007:	1 2 
1009:	1 3 1 1 1 3 
101:	2 2 4 1 1 1 1 1 
1013:	1 3 
1015:	2 4 1 
1019:	4 1 
102:	2 2 
1020:	3 1 
1021:	2 
1022:	1 
1024:	1 1 1 
1025:	3 3 1 1 1 
1026:	2 2 4 1 1 3 1 1 3 1 3 
1027:	4 1 1 1 
103:	2 2 
1033:	2 3 3 
1039:	1 1 6 1 
1040:	3 3 1 
1041:	1 1 1 1 3 1 5 3 2 
1042:	1 1 2 
1043:	1 1 
1044:	11 1 4 3 
1046:	5 6 
1047:	1 2 
1048:	5 11 1 3 
1049:	1 
1050:	6 
1051:	4 
1052:	5 3 
1054:	4 
1055:	4 1 2 1 
1056:	4 
1057:	1 1 
1058:	4 2 
1059:	2 6 1 1 1 1 1 1 2 1 2 
106:	2 
1060:	1 
1061:	4 2 12 2 4 1 4 4 2 1 2 1 1 1 1 2 1 2 3 1 2 
1062:	1 1 
1063:	1 
1064:	5 
1065:	2 
1066:	4 1 
1067:	1 9 
1069:	2 7 
107:	1 1 
1070:	1 6 
1071:	8 1 2 5 
1072:	1 
1073:	2 2 2 2 
1074:	3 5 1 
1075:	3 
1076:	1 3 2 4 1 
1077:	11 
1079:	1 
108:	1 1 
1083:	2 3 1 
1084:	5 15 
1086:	1 
1087:	7 
1088:	1 
1090:	3 
1091:	6 
1092:	5 1 
1094:	1 1 
1095:	7 
1096:	2 2 
1099:	1 3 2 9 5 2 5 1 3 
11:	1 1 1 
1100:	2 
1104:	3 6 
1105:	6 6 
1107:	1 
1108:	5 1 3 
1109:	2 
1111:	1 
1112:	1 4 
1113:	1 1 1 2 1 1 1 1 1 
1115:	1 1 
1119:	9 1 
112:	2 
1121:	3 
1123:	1 
1124:	2 
1125:	4 
1130:	1 
1131:	3 
1133:	3 
1134:	2 12 
1135:	1 
1136:	2 
1137:	1 
1138:	1 
1139:	3 6 1 1 4 
114:	1 3 
1140:	3 
1141:	3 1 1 3 7 
1142:	1 
1144:	5 
1145:	4 3 
1147:	1 
1148:	1 
115:	2 
1150:	2 8 2 
1152:	6 1 3 
1153:	2 
1154:	4 
1155:	4 3 
1156:	2 1 1 1 4 1 2 2 
1157:	1 1 6 1 5 6 2 1 1 1 1 
1158:	1 4 15 
1159:	2 3 
116:	2 2 4 
1160:	1 
1161:	1 
1162:	2 1 3 1 1 
1163:	5 21 1 2 2 4 4 
1164:	3 
1165:	1 
1167:	2 
1169:	1 4 
117:	10 
1170:	4 1 5 1 2 1 
1172:	1 
1173:	3 3 3 2 4 8 2 1 3 2 1 1 1 1 1 1 1 1 
1174:	3 
1176:	1 
1177:	1 
1178:	3 
1179:	3 
1180:	2 
1181:	2 
1182:	3 5 
1183:	2 1 
1184:	3 3 
1185:	1 1 2 
1187:	3 
1188:	3 1 3 1 1 1 1 
1189:	5 2 
119:	2 
1190:	5 
1191:	2 1 1 
1193:	3 1 
1194:	2 3 
1195:	1 
1197:	3 4 
1198:	2 2 
1199:	6 
120:	3 7 
1200:	4 
1201:	3 1 
1202:	2 2 
1203:	1 5 1 3 
1204:	5 
1205:	1 3 2 
1207:	6 
1208:	6 1 
1209:	2 
1212:	2 4 1 
1215:	3 11 3 1 4 7 1 
1216:	1 
1217:	8 
1218:	5 1 
1219:	1 2 
1220:	1 2 1 5 10 
1221:	2 1 
1222:	3 3 1 5 1 
1223:	1 1 
1224:	4 
1225:	11 1 2 
1227:	1 1 3 4 
1228:	1 1 3 1 3 4 3 2 2 1 3 1 2 1 1 2 1 1 1 1 1 1 1 
123:	2 1 1 4 
1230:	1 
1231:	4 
1232:	1 
1233:	1 
1235:	10 2 9 4 7 
1236:	2 12 
1237:	3 2 
1238:	4 
1239:	1 
124:	1 
1240:	3 
1241:	2 4 
1242:	1 
1243:	1 2 2 1 2 5 4 
1245:	4 1 4 4 10 2 1 1 1 1 1 1 1 
1246:	2 
1247:	1 
1248:	4 8 
1249:	5 
125:	3 1 
1250:	5 2 1 
1251:	6 3 2 
1252:	1 2 1 
1254:	2 2 2 3 2 5 2 
1256:	3 
1257:	3 
126:	1 
1260:	1 
1261:	3 
1264:	1 
1265:	1 2 
1266:	2 1 2 1 4 
1267:	10 9 
1268:	2 
1269:	2 
127:	1 1 2 1 
1270:	4 4 1 
1271:	5 
1272:	6 
1273:	1 2 1 1 2 3 1 2 1 1 2 1 1 1 2 3 1 2 1 1 1 
1274:	7 4 2 6 1 2 1 2 1 1 1 2 1 1 1 3 1 2 2 1 1 1 1 1 1 4 
1275:	6 2 2 16 
1276:	1 4 1 
1277:	3 
128:	3 
1280:	2 1 
1281:	2 1 4 1 1 2 9 1 
1282:	1 
1283:	2 
1284:	3 5 7 1 1 1 2 
1285:	2 
1286:	2 8 
1287:	2 3 1 2 1 3 3 
1288:	1 1 4 6 1 1 
1289:	5 1 
129:	2 
1290:	2 
1292:	2 1 2 2 1 
1294:	4 1 
1295:	2 5 
1296:	2 
1297:	2 7 2 
1298:	2 1 1 1 
13:	2 
130:	2 
1300:	1 3 3 2 
1301:	7 1 
1302:	5 
1303:	3 4 3 1 3 7 1 4 7 4 7 1 1 1 2 1 1 1 2 
1304:	3 
1305:	7 1 2 4 1 9 11 
1306:	2 1 1 1 1 4 4 5 4 
1307:	3 
1308:	1 
1309:	1 1 
131:	1 
1310:	5 2 8 1 1 6 5 1 1 1 1 1 1 2 1 3 3 1 1 1 1 
1311:	4 
1312:	1 1 1 
1314:	2 
1317:	4 
1318:	3 1 2 
132:	6 
1320:	3 1 5 6 2 
1322:	2 
1323:	1 
1324:	1 3 
1325:	3 3 1 
1326:	1 
1329:	2 
1330:	1 3 6 
1331:	6 
1332:	7 
1333:	4 
1334:	5 2 
1335:	2 
1336:	4 
1337:	6 
1338:	9 
134:	5 1 1 
1340:	2 1 
1341:	3 1 5 
1342:	2 
1345:	2 
1346:	3 
1347:	1 2 2 1 1 1 9 2 
1348:	2 3 2 
1349:	2 
135:	4 1 2 2 
1350:	1 
1353:	2 
1354:	1 
1357:	1 3 1 2 3 4 
1359:	1 
1360:	1 1 2 1 1 
1361:	1 1 1 4 
1364:	3 2 1 2 2 1 2 3 1 1 2 
1366:	3 
1367:	2 
1368:	2 
1369:	3 
1370:	1 
1371:	1 4 2 2 
1372:	9 
1374:	1 
1378:	6 
1379:	1 
138:	4 1 2 3 3 2 1 
1380:	3 
1381:	1 2 1 
1383:	3 1 1 6 1 
1389:	3 
139:	1 
1390:	2 1 
1391:	10 4 
1392:	2 4 
1395:	4 5 4 2 2 2 
1396:	8 2 5 
1397:	2 
1398:	4 1 5 
1399:	1 
14:	2 
140:	1 
1400:	7 1 1 2 1 1 1 
1401:	1 
1402:	1 
1403:	6 1 3 7 
1404:	1 5 
1405:	3 2 16 3 2 
1406:	2 5 1 
1407:	3 
1408:	3 
1409:	4 4 1 
141:	1 1 
1410:	2 2 
1411:	2 
1412:	2 1 
1413:	1 
1414:	9 2 3 1 1 2 4 1 2 2 
1415:	4 1 
1416:	4 
1417:	1 1 1 5 1 
1418:	1 10 2 2 
1419:	6 2 6 2 
142:	3 
1420:	4 2 
1422:	9 5 1 3 1 2 2 1 1 1 1 1 1 3 
1426:	1 
1428:	4 4 1 
1429:	4 
1430:	1 1 
1434:	2 
1435:	1 3 
1436:	1 
1437:	2 1 
1439:	1 
144:	1 4 
1440:	2 
1441:	4 3 13 12 6 2 4 1 1 1 
1442:	1 1 3 1 8 
1443:	1 2 1 4 1 1 1 1 2 1 1 1 1 1 1 1 1 1 2 1 1 1 
1444:	2 
1445:	8 
1446:	2 
1449:	2 2 
1450:	2 1 
1455:	1 2 1 2 
1456:	2 
1457:	2 4 
1459:	6 
1460:	2 1 
1461:	2 
1462:	1 1 2 
1463:	2 3 1 1 
1465:	1 
1466:	3 
1468:	5 14 1 7 2 4 3 15 5 1 3 6 1 1 
147:	5 1 1 
1472:	6 
1473:	3 2 3 
1475:	2 
1476:	3 7 1 
1477:	2 
1478:	6 4 10 4 10 5 7 
1479:	3 
1480:	3 
1481:	5 
1483:	1 1 
1484:	2 5 
1485:	1 1 1 1 1 1 1 
1486:	3 
1487:	1 1 
1489:	3 1 
1490:	1 1 
1493:	2 1 
1495:	1 2 4 2 1 1 1 2 
1496:	1 3 
15:	2 
1500:	6 2 
1502:	2 1 2 1 1 1 
1505:	1 5 
1506:	1 
1507:	3 3 
1508:	1 1 3 
1509:	2 1 
151:	1 2 1 
1510:	5 1 
1511:	4 3 
1512:	5 2 1 5 
1514:	3 2 
1515:	1 5 
1518:	2 1 1 2 
1519:	1 
152:	4 2 9 1 5 1 1 1 1 1 2 1 
1520:	5 
1521:	3 3 
1522:	3 2 5 
1524:	6 2 
1527:	8 1 1 
1528:	1 2 
1529:	5 
153:	3 
1530:	5 3 2 1 8 5 2 1 3 
1534:	1 3 1 5 1 1 1 2 2 1 
1536:	3 
1537:	1 
154:	4 1 2 2 7 
1545:	4 
1546:	3 3 1 1 4 1 8 1 1 1 3 4 1 1 2 1 
1548:	2 
1549:	1 
1551:	8 11 1 3 4 2 
1552:	1 
1553:	1 
1554:	2 1 
1555:	4 
1556:	3 5 
1557:	2 1 5 4 1 2 4 1 8 6 7 5 3 1 2 4 4 2 
1558:	3 1 1 1 2 2 
1559:	1 
156:	3 
1560:	1 1 
1562:	3 1 1 1 1 1 
1566:	2 
1567:	1 1 
1568:	2 
1569:	1 
1570:	1 
1571:	5 1 
1572:	1 
1573:	1 
1576:	1 
1577:	5 4 1 2 1 
1579:	1 1 
158:	1 1 1 
1581:	1 1 7 2 
1582:	7 2 1 
1584:	2 
1586:	1 
1587:	6 10 
1588:	1 
1589:	2 1 7 
159:	1 5 
1590:	1 
1591:	1 
1592:	1 
1593:	2 1 1 1 19 1 7 
1594:	6 3 3 9 4 3 2 1 3 1 1 1 1 
1595:	2 
1596:	2 
1598:	1 1 2 
1599:	2 
16:	1 
160:	4 
1601:	1 4 
1602:	1 
1603:	6 4 2 1 6 1 
1604:	14 4 2 1 4 
1606:	4 5 1 1 2 
1608:	2 
1609:	1 
161:	3 1 1 1 2 2 1 1 2 1 1 1 2 1 1 1 2 1 
1610:	6 2 
1611:	2 
1612:	9 
1614:	1 6 2 1 
1615:	1 3 
1616:	1 3 4 
1617:	3 
1619:	1 3 7 2 6 
162:	2 3 1 
1620:	1 
1621:	1 1 
1622:	2 4 
1624:	3 2 
1625:	1 1 2 
1628:	2 
163:	2 1 
1631:	7 4 10 
1632:	3 2 2 2 1 1 4 17 11 6 11 7 2 3 3 2 2 
1633:	3 
1634:	2 2 
1636:	1 
1637:	1 
164:	4 
1640:	3 1 1 1 1 1 1 1 1 1 2 1 1 2 
1641:	1 2 1 
1642:	1 1 
1643:	3 
1644:	2 
1646:	2 
1647:	3 
1648:	10 2 7 1 3 1 
1649:	4 
165:	1 1 
1650:	1 3 
1651:	1 
1652:	1 
1653:	10 
1654:	2 2 
1655:	1 1 
1656:	1 3 1 3 1 1 1 3 
166:	1 
1660:	1 
1661:	3 3 2 
1662:	2 2 
1663:	2 
1664:	1 2 1 
1667:	1 9 4 2 1 1 
167:	4 
1673:	6 3 1 1 1 7 2 1 4 3 5 
1675:	2 
1678:	2 1 
1679:	2 1 2 1 1 1 1 1 
1680:	2 1 
1681:	8 2 
1685:	1 
1686:	3 1 2 
1687:	6 2 4 2 2 3 1 
1688:	1 
1689:	2 5 
169:	2 
1691:	8 1 1 8 1 2 2 1 1 2 1 4 2 1 1 1 1 
1692:	2 
1693:	4 3 10 4 2 3 1 1 1 1 2 1 1 1 1 1 1 2 1 3 1 
1695:	2 
1696:	5 6 4 6 
1697:	3 
1698:	6 2 26 3 2 5 1 1 1 1 1 1 6 2 1 3 1 3 5 2 1 1 1 3 1 2 1 1 2 1 1 
1700:	3 
1701:	2 
1702:	4 2 
1703:	4 
1704:	1 1 
1705:	1 2 5 2 1 3 1 10 
1706:	1 7 
1707:	4 
1708:	2 
1709:	7 
171:	1 
1711:	1 
1712:	1 
1713:	1 1 1 1 1 1 7 1 
1714:	1 1 1 
1715:	2 
1716:	2 1 
1717:	4 2 
1718:	3 3 1 3 11 
1719:	1 
172:	4 1 
1720:	3 
1723:	5 2 
1724:	11 1 1 
1725:	3 1 
1726:	1 1 1 
1728:	9 
1729:	2 
173:	4 2 3 2 1 1 
1730:	3 
1731:	3 
1732:	7 
1733:	3 1 
1734:	12 
1735:	9 2 1 1 
1737:	4 
1738:	5 2 3 
174:	7 1 14 7 1 1 1 1 1 2 1 
1740:	4 
1741:	2 
1742:	1 
1743:	1 
1744:	1 1 1 
1745:	13 12 3 1 1 1 1 1 1 2 1 
1746:	1 
1747:	1 
1749:	3 1 1 
175:	2 
1751:	1 
1752:	2 3 
1753:	1 
1754:	2 
1755:	3 
1756:	3 
1757:	6 
1758:	1 2 
1759:	1 
176:	5 
1761:	2 3 
1762:	2 3 16 1 
1764:	1 
1765:	1 7 11 6 4 2 2 1 1 1 1 
1766:	2 
1767:	2 
1768:	3 7 6 1 1 4 
177:	3 8 
1770:	1 
1772:	11 3 
1773:	3 
1775:	2 
1777:	1 
1778:	4 5 6 
1779:	1 1 1 1 1 1 1 1 1 1 1 
178:	3 5 2 1 
1780:	2 1 2 2 
1781:	1 1 
1782:	3 3 
1783:	2 4 2 2 
1785:	1 
1786:	2 2 1 1 
1787:	2 1 
1791:	2 1 
1793:	2 
1795:	2 
1796:	6 1 1 2 1 
1797:	1 
1799:	3 1 4 2 2 2 5 1 1 
18:	1 
180:	5 3 1 
1800:	2 2 3 
1801:	2 
1802:	7 3 1 1 
1803:	4 
1805:	2 1 1 
1806:	1 3 1 
1807:	3 10 4 1 4 
181:	2 2 1 
1810:	4 2 1 
1811:	3 
1812:	3 
1813:	2 3 
1815:	2 
1817:	1 2 
1818:	1 1 
1819:	3 2 
1820:	4 
1822:	6 
1823:	1 2 3 3 4 
1824:	3 6 
1827:	1 3 
1828:	2 
1829:	2 1 1 1 1 1 7 1 
183:	5 4 6 1 2 2 
1830:	1 
1831:	3 
1832:	6 1 3 1 1 1 1 1 1 2 2 2 
1833:	1 
1834:	2 
1835:	2 4 
1836:	1 1 1 7 10 
1837:	1 
1838:	3 
1839:	3 
184:	2 2 
1840:	3 1 
1844:	1 
1845:	1 1 3 1 4 8 13 3 3 5 5 2 4 1 
1846:	3 5 3 
1847:	1 1 
1848:	1 1 3 1 
1849:	5 
185:	2 1 2 
1850:	4 3 1 
1852:	2 2 2 1 
1853:	1 1 9 1 2 4 1 
1854:	3 1 1 9 5 2 
1856:	1 2 4 3 4 1 
1857:	7 
1859:	2 
1860:	2 3 1 
1862:	1 2 
1863:	8 3 1 2 3 2 1 1 3 1 1 1 1 1 1 2 1 1 1 1 3 1 1 1 1 5 3 3 
1864:	2 
1865:	2 1 
1866:	1 1 
1867:	2 1 3 6 
1868:	3 2 2 
1869:	3 1 1 1 1 8 6 2 2 
187:	8 
1870:	1 3 1 1 1 2 6 6 4 
1871:	2 
1872:	2 1 1 
1874:	2 2 2 3 1 1 1 1 1 1 1 1 3 2 2 1 1 4 1 
1875:	1 2 
1876:	1 
1878:	7 1 6 3 3 
1879:	2 
188:	3 1 
1880:	3 
1882:	3 1 2 
1883:	4 
1884:	12 
1885:	5 
189:	3 
1890:	3 2 1 1 
1891:	2 
1892:	3 5 
1893:	4 
1894:	2 1 1 
1895:	2 1 2 4 
1897:	1 1 1 1 
1898:	2 5 
1899:	5 
190:	5 3 1 3 1 6 6 2 1 1 3 
1900:	5 5 5 16 
1901:	2 1 1 2 
1902:	6 2 3 1 5 18 5 8 8 
1903:	2 4 1 
1904:	7 
1905:	2 3 3 1 1 
1906:	4 1 7 7 1 1 1 
1908:	3 4 2 1 
1909:	2 1 10 
191:	3 1 
1910:	5 
1911:	2 
1912:	1 1 
1913:	3 3 4 1 1 2 1 
1915:	1 1 3 
1916:	2 
1917:	6 1 1 2 2 1 1 1 1 1 1 2 2 1 1 1 1 2 1 1 1 1 1 3 1 1 2 2 4 1 1 2 1 1 1 1 1 1 1 1 2 1 1 1 
192:	4 2 3 2 3 
1921:	3 2 
1922:	2 1 
1923:	1 1 
1924:	3 1 
1925:	1 3 1 1 1 
1926:	2 
1927:	1 1 
1928:	1 2 
193:	3 2 
1930:	5 2 1 9 8 
1931:	3 
1932:	6 
1934:	1 
1935:	1 
1936:	8 
1937:	5 1 
1939:	7 5 1 1 2 1 1 1 1 1 
1941:	3 5 4 
1944:	1 4 
1945:	5 
1946:	2 
1947:	3 1 4 1 
1948:	1 1 
1949:	7 4 6 1 2 1 
195:	5 1 
1950:	1 1 1 1 4 
1953:	2 1 
1954:	1 
1955:	3 
1957:	4 
1958:	4 3 
1959:	4 2 
196:	3 1 12 11 2 1 
1960:	3 
1962:	7 1 14 
1963:	1 1 4 1 
1964:	6 1 3 2 
1968:	2 
1969:	2 1 
1970:	1 
1972:	1 1 
1974:	3 
1975:	1 4 5 
1976:	4 
1977:	6 
1978:	5 1 
1980:	6 2 
1981:	1 
1982:	1 
1983:	3 
1984:	1 
1986:	1 
1988:	4 
1989:	2 1 1 2 1 1 3 1 1 2 
199:	3 2 1 13 1 1 1 4 1 1 1 1 
1990:	1 
1993:	1 
1994:	1 4 2 4 
1996:	3 
1997:	2 4 1 5 
20:	1 7 
2002:	2 
2003:	4 
2005:	6 1 
2007:	1 9 2 3 1 1 1 2 1 1 
2008:	3 3 1 1 4 2 1 1 1 1 2 1 1 
2009:	1 
201:	1 
2012:	5 5 2 3 1 
2015:	2 1 
2016:	3 
2017:	4 1 1 3 
202:	2 1 1 
2020:	1 2 3 
2021:	3 2 1 1 
2022:	6 
2023:	1 
2024:	2 
2025:	1 1 
2029:	30 
203:	1 
2030:	4 1 
2031:	8 6 5 2 1 6 1 1 1 2 4 
2032:	2 4 1 
2033:	1 1 1 1 1 2 
2036:	1 
2037:	4 3 1 1 1 
2038:	4 
2039:	6 1 
2040:	1 1 2 1 
2041:	1 
2042:	1 3 2 1 2 6 5 
2043:	1 2 2 
2044:	1 6 4 
2045:	1 2 
2047:	2 
2048:	1 1 5 2 
2049:	2 5 
2050:	5 2 
2052:	4 7 1 4 
2054:	1 
2055:	1 
2058:	2 1 1 5 6 1 1 
2059:	1 
2060:	2 1 1 4 1 1 4 1 3 1 
2062:	3 
2063:	2 1 
2064:	1 
2065:	6 
2066:	15 4 1 
2068:	1 6 1 1 9 14 6 3 1 1 2 4 2 1 1 1 
2069:	4 
207:	7 1 1 
2071:	1 1 
2072:	1 
2073:	1 
2074:	3 1 1 2 
2076:	5 2 3 1 1 1 1 1 1 1 2 1 1 1 1 1 1 1 1 
2077:	1 
2078:	3 
2079:	3 
208:	1 2 1 2 2 1 1 1 1 1 1 
2082:	3 
2083:	2 
2084:	1 1 
2085:	1 
2086:	3 1 
2087:	3 4 8 1 
2088:	1 1 3 
2089:	1 
209:	1 
2090:	10 1 1 8 4 1 3 1 2 5 
2091:	1 1 
2092:	6 2 
2093:	1 
2094:	2 
2095:	2 
2096:	4 1 
2097:	1 3 2 6 9 3 1 1 1 
2100:	5 1 1 33 16 1 
2101:	5 6 
2103:	5 
2104:	1 
2105:	6 1 20 23 
2106:	1 1 
2107:	1 2 3 1 1 2 3 3 
2108:	1 1 
211:	1 1 
2112:	1 5 1 
2113:	2 
2115:	2 
2116:	1 
2118:	1 
212:	8 2 2 3 
2120:	4 
2121:	1 
2124:	2 
2126:	5 1 
2129:	2 
213:	1 
2131:	3 1 
2132:	3 2 1 
2133:	6 
2134:	5 1 
2135:	1 2 7 9 8 25 
2136:	1 1 1 
2137:	3 1 1 1 3 6 5 
214:	1 
2140:	3 2 
2141:	2 
2142:	3 
2143:	2 
2144:	3 
2145:	4 4 2 2 10 
2146:	1 3 2 2 
2149:	1 
215:	3 
2153:	8 
2155:	1 1 5 4 5 
2156:	3 1 1 8 
2158:	1 2 
2159:	1 
216:	1 1 2 
2160:	2 
2162:	1 5 
2163:	5 1 
2164:	2 
2166:	1 1 2 2 1 3 1 2 1 
2167:	3 2 2 
217:	3 
2170:	3 6 1 6 20 3 1 3 1 2 1 1 1 2 1 3 1 3 1 1 1 2 3 1 6 
2171:	3 1 1 1 
2174:	3 
2175:	5 
2176:	4 1 
2178:	3 
218:	4 2 
2183:	2 1 7 1 16 11 6 1 
2184:	1 
2186:	1 1 1 
2187:	2 
2189:	1 2 2 
219:	3 2 7 1 2 1 5 
2190:	6 
2191:	1 
2193:	3 13 5 
2195:	3 3 
2196:	2 
2197:	1 
2199:	2 2 4 
22:	1 
220:	1 1 
2200:	3 1 1 4 
2201:	2 2 2 1 2 
2202:	1 1 1 3 1 1 1 1 1 1 2 2 3 3 
2204:	1 3 
2206:	3 
2207:	3 2 1 5 
221:	2 4 
2211:	2 
2212:	4 3 
2215:	6 6 2 3 
2216:	1 
2217:	1 
2218:	2 1 1 
2219:	4 
222:	5 1 1 
2220:	3 3 
2222:	1 1 
2223:	7 
2224:	2 
2226:	1 6 1 2 7 3 7 1 1 1 1 1 1 1 
2227:	2 1 2 
2228:	3 1 9 4 3 
2229:	1 2 3 
223:	1 
2230:	3 2 
2231:	2 1 
2232:	8 2 7 2 2 1 1 3 2 1 1 
2233:	3 2 
2234:	5 2 3 1 2 5 1 1 1 1 1 1 2 
2235:	1 1 
2236:	4 
2237:	1 2 
2238:	4 
2239:	1 
224:	7 
2240:	6 
2241:	3 
2242:	3 1 
2243:	2 
2244:	1 
2245:	1 
2246:	2 1 1 1 
2247:	1 2 
2248:	2 4 
2249:	2 1 
225:	3 
2250:	1 
2251:	2 
2254:	1 4 4 1 2 2 
2256:	2 1 
2257:	1 
2258:	2 
2259:	1 1 
226:	3 1 2 9 9 20 2 4 2 1 1 1 1 1 1 1 1 2 1 1 1 1 1 6 1 2 
2260:	2 1 1 3 1 1 1 1 1 1 1 1 
2261:	13 4 14 3 3 1 1 2 1 
2262:	2 
2263:	1 
2264:	1 
2266:	4 1 
2268:	4 
227:	2 
2270:	3 
2271:	2 2 
2272:	2 5 
2273:	5 2 5 2 1 4 
2274:	1 2 1 
2275:	3 1 
2276:	11 4 
2278:	3 
228:	3 1 8 
2280:	3 1 1 
2281:	1 2 
2283:	4 1 7 7 1 1 3 1 1 4 
2284:	1 
2286:	5 
2288:	2 1 
2289:	3 2 
229:	3 
2290:	2 
2291:	1 
2294:	7 
2295:	2 2 1 
2297:	1 2 1 1 1 2 1 1 
2298:	2 
2299:	6 2 
23:	7 
230:	1 9 2 
2300:	1 
2301:	3 4 
2302:	2 3 9 6 8 
2303:	1 
2304:	7 1 2 
2305:	1 
2306:	1 
2307:	11 
2309:	1 1 1 1 3 
231:	3 1 1 2 
2310:	1 
2312:	1 
2313:	2 1 9 11 
2314:	2 
2315:	3 
2316:	2 3 6 
2318:	1 
2319:	2 2 
232:	3 
2321:	1 
2322:	2 3 4 1 5 5 10 
2323:	1 
2324:	5 2 
2325:	2 
2327:	1 
2328:	2 4 3 2 1 
2329:	1 
2331:	7 3 
2332:	4 
2333:	6 
2334:	1 
2335:	1 
2336:	5 2 2 2 
2337:	1 2 
2338:	1 
234:	3 
2340:	4 3 1 
2341:	1 1 
2342:	1 2 1 2 1 4 
2343:	2 3 1 6 2 
2344:	2 1 
2345:	2 4 1 2 
2347:	3 
2349:	5 6 
2351:	1 
2352:	2 3 2 
2353:	2 7 1 1 1 
2354:	1 
2356:	1 
2357:	1 
2358:	7 1 7 
2359:	8 
2360:	6 2 
2362:	5 2 
2363:	5 
2364:	2 
2365:	1 
2366:	1 
2367:	1 
2368:	4 
2369:	1 1 
237:	1 
2370:	2 
2371:	4 4 4 
2372:	4 
2373:	5 3 1 2 
2374:	2 
2376:	5 3 3 
2379:	1 
238:	2 1 4 
2380:	2 3 3 3 
2381:	1 2 1 
2386:	4 2 2 
2387:	1 2 2 
2388:	1 3 1 
2389:	1 2 
2390:	1 1 
2391:	1 
2392:	1 1 1 1 1 
2393:	7 2 2 6 
2394:	7 7 15 
2396:	1 5 9 4 1 1 1 1 1 
2397:	1 
2398:	1 1 
2399:	5 1 
240:	8 2 1 
2400:	5 
2402:	2 
2404:	1 
2405:	2 2 1 1 1 2 2 1 2 1 1 1 2 4 3 1 1 1 1 
2406:	11 
2407:	1 1 6 
241:	2 2 3 1 1 1 1 2 
2410:	1 
2411:	3 
2413:	5 
2414:	3 
2415:	4 
2416:	2 
2417:	2 1 
2418:	4 4 2 2 4 5 1 
2419:	3 1 1 1 3 5 1 2 
242:	6 1 
2421:	5 2 
2423:	3 1 2 2 2 3 1 3 1 1 1 3 
2424:	1 
2425:	2 
2426:	2 
2427:	1 1 5 1 1 1 
2428:	15 
243:	2 7 2 
2430:	4 1 4 6 5 
2433:	1 2 2 1 1 1 1 1 
2436:	9 2 
2438:	4 3 12 1 2 2 1 2 1 1 
2439:	4 
244:	2 3 1 
2440:	1 
2441:	6 1 1 5 2 
2442:	3 
2443:	3 2 
2444:	1 1 
2446:	9 2 2 1 7 5 12 1 1 
2447:	2 
2448:	6 1 
2449:	8 14 2 1 7 3 1 1 1 2 3 
245:	3 4 4 6 7 7 4 
2450:	1 
2451:	12 
2453:	1 3 
2454:	4 
2456:	4 1 4 1 
2457:	3 
2459:	2 
2460:	1 
2462:	2 
2463:	5 6 1 4 2 1 2 3 
2464:	2 
2465:	4 5 1 
2466:	5 
2467:	1 
2468:	2 1 1 2 3 5 
2469:	2 
247:	2 4 
2470:	1 3 1 
2471:	3 7 1 
2472:	2 4 10 6 9 3 
2473:	12 5 3 2 1 1 1 3 1 2 3 2 3 1 1 1 2 1 
2475:	3 
2476:	3 1 1 2 4 4 1 
2477:	6 4 
2478:	2 2 
2479:	1 2 2 2 
2483:	3 1 
2484:	3 
2488:	4 1 4 1 
249:	5 4 1 
2490:	4 1 
2491:	1 1 1 7 1 
2493:	2 
2494:	9 2 1 5 6 1 1 1 1 1 1 1 1 2 1 1 2 1 1 3 
2495:	5 3 3 1 1 1 1 1 1 2 1 2 
2496:	6 
2498:	7 
2499:	5 6 
2500:	4 
2501:	4 
2502:	4 
2504:	2 1 3 1 
2505:	2 3 3 
2506:	3 
2507:	2 
2508:	1 
2509:	1 
251:	5 
2510:	1 2 
2512:	1 
2513:	4 2 1 1 1 1 2 1 4 1 
2514:	4 4 12 2 1 1 2 
2517:	2 
2518:	2 4 
2519:	2 1 4 2 1 5 1 1 1 1 1 1 1 1 1 2 
252:	6 
2520:	1 
2521:	3 5 4 
2523:	3 1 
2524:	2 
2525:	2 
2526:	1 3 
2527:	4 
2528:	2 1 
253:	2 3 2 2 3 
2530:	5 
2531:	1 
2532:	2 
2533:	5 3 1 
2535:	1 
2540:	5 3 2 
2541:	1 1 1 
2543:	7 
2544:	3 1 1 
2545:	4 1 1 1 1 1 2 3 
2546:	3 1 
2547:	3 2 3 1 
2548:	3 
2549:	3 1 
255:	1 1 
2550:	1 
2552:	6 5 1 1 4 6 3 
2553:	3 2 17 8 5 1 1 1 1 1 5 2 1 4 5 2 1 1 1 2 1 1 2 1 3 1 
2557:	2 
2560:	1 3 1 
2564:	5 
2565:	1 
2567:	6 6 
2568:	2 
2569:	4 1 3 1 8 
257:	2 
2570:	5 2 1 5 
2571:	1 5 5 2 3 
2572:	7 
2573:	1 
2575:	1 1 1 
2577:	1 1 1 2 
2578:	1 
2579:	3 3 1 
258:	6 1 2 2 1 1 4 1 1 
2581:	2 4 
2582:	5 
2583:	1 
2584:	2 
2585:	4 1 
2586:	1 1 
2588:	4 
2589:	1 
259:	8 2 5 
2590:	1 1 1 7 2 1 
2591:	2 1 9 4 3 
2593:	1 
2594:	4 2 
2596:	4 
2599:	3 2 2 1 
26:	4 
2602:	6 6 1 
2603:	1 
2605:	1 1 
2606:	1 
2607:	1 3 
2609:	7 2 3 2 2 5 13 2 2 
261:	2 6 15 10 
2610:	1 
2611:	1 6 1 
2613:	1 1 
2614:	1 1 1 1 
2615:	2 
2616:	8 2 2 
2619:	4 1 
262:	8 
2622:	1 1 4 
2623:	3 5 
2625:	1 2 1 
2626:	3 1 
2627:	2 2 2 
2628:	2 
2629:	1 2 2 
263:	5 
2631:	1 2 
2632:	1 
2634:	3 
2635:	2 1 
2636:	1 
2637:	8 
264:	6 1 2 
2640:	8 
2642:	3 4 4 2 
2643:	1 1 1 
2647:	2 
2648:	4 2 3 3 1 8 
265:	3 2 2 
2653:	2 
2654:	1 2 6 
2655:	4 
2656:	3 5 
2657:	2 6 
266:	5 
2660:	1 1 
2662:	1 
2663:	2 3 2 1 
2664:	2 7 2 1 3 2 1 1 1 3 2 
2665:	3 1 5 4 2 
2666:	3 1 6 1 21 
2667:	5 1 1 2 
2668:	2 
2670:	1 
2671:	10 
2672:	8 
2673:	7 2 2 
2674:	4 
2675:	1 3 2 1 3 
2676:	1 2 1 1 2 
2677:	5 5 
2678:	3 
2679:	5 
268:	5 
2680:	7 
2681:	2 
2683:	2 2 
2684:	3 1 
2685:	2 1 2 4 10 4 6 1 2 2 2 1 1 1 2 2 
2686:	1 
2687:	2 18 
2688:	3 1 3 
2689:	2 
269:	2 1 1 1 1 3 1 1 
2690:	1 1 6 1 
2691:	3 
2692:	3 1 
2693:	2 
2699:	4 4 11 3 5 7 27 
27:	3 
270:	1 
2704:	2 2 2 
271:	1 
2710:	4 1 1 1 1 1 
2715:	12 1 16 10 9 3 
2716:	3 2 
2717:	2 
2718:	2 1 5 6 2 
2719:	3 3 
272:	5 1 10 
2720:	7 
2721:	1 
2723:	2 5 1 1 1 1 1 1 1 1 1 
2724:	1 6 2 1 3 
2725:	5 2 1 1 
2726:	6 2 1 
2727:	1 
2728:	2 1 
2729:	2 
273:	5 
2730:	1 
2731:	5 1 
2732:	1 
2733:	4 4 3 2 1 1 4 1 4 3 2 
2734:	2 
2735:	2 
2736:	1 
2737:	4 11 4 9 
2738:	2 
2739:	2 
274:	1 2 
2740:	1 1 
2741:	3 1 1 1 2 
2743:	2 
2744:	4 
2745:	11 3 
2749:	2 1 
2751:	4 1 1 1 4 4 2 1 1 2 4 3 1 1 1 3 3 
2752:	4 3 1 3 3 20 5 
2754:	2 2 
2755:	1 1 1 
2756:	1 
2757:	10 2 1 
2758:	3 1 9 1 6 2 1 2 1 5 
2759:	3 6 2 
276:	4 
2760:	3 
2762:	1 1 1 
2763:	1 6 2 
2764:	3 
2765:	5 
2766:	3 
2767:	4 1 1 
2768:	2 1 2 1 3 
2769:	1 
277:	5 2 1 4 
2772:	8 2 1 
2773:	3 1 
2774:	3 5 
2775:	4 6 1 5 
2776:	1 
2777:	8 
2778:	1 3 
2779:	1 1 3 
2780:	2 2 6 
2781:	2 6 1 1 1 1 
2782:	6 
2783:	2 1 1 
2785:	7 1 3 
2786:	3 
2787:	3 
2788:	4 
279:	1 
2790:	1 
2791:	4 
2793:	1 3 7 
2794:	1 1 
2795:	1 3 3 
2797:	1 
2798:	14 1 1 1 3 3 1 3 4 5 1 
2799:	3 1 3 
28:	2 
2801:	4 4 1 
2802:	3 6 4 5 2 7 
2803:	4 1 1 1 6 1 1 2 1 
2804:	3 6 
2805:	3 2 
2808:	1 
2809:	5 
2810:	3 2 7 1 1 
2812:	4 2 
2813:	2 4 2 2 6 
2814:	1 3 5 9 7 6 3 
2815:	1 1 
2816:	6 3 2 
2817:	4 1 
2818:	1 1 
2819:	6 1 1 1 1 1 1 3 
282:	12 
2820:	3 1 4 1 
2821:	1 
2823:	5 
2824:	2 
2825:	2 
2828:	3 6 
2829:	10 6 
283:	2 
2830:	1 3 3 3 
2831:	1 
2833:	1 
2835:	5 1 
2837:	4 1 2 
2839:	6 3 
2841:	3 
2842:	1 
2843:	4 2 
2844:	1 
2845:	5 1 1 2 13 
2846:	1 3 1 
2847:	7 3 1 2 1 1 1 1 2 2 1 1 
2848:	1 
2849:	1 2 1 
285:	1 
2850:	8 1 2 6 1 3 1 2 2 3 1 2 1 
2851:	2 4 2 
2852:	1 
2853:	2 1 1 
2857:	1 3 2 4 3 
2858:	1 
2859:	1 
2860:	2 5 
2861:	8 5 5 
2863:	2 
2866:	4 
287:	3 2 1 
2870:	1 3 3 2 
2871:	9 7 3 
2872:	1 
2873:	2 
2875:	3 3 2 2 4 2 13 1 5 20 6 
2876:	2 3 1 
2878:	1 
288:	3 
2880:	1 
2881:	1 
2882:	10 2 1 1 1 
2883:	1 
2884:	2 7 3 
2886:	1 
2887:	16 10 
2888:	5 3 1 
2890:	4 
2893:	5 1 5 1 2 
2894:	1 
2895:	2 4 6 13 2 
2896:	2 1 2 
2897:	2 
2898:	1 12 
2899:	1 
290:	1 1 2 1 
2900:	1 
2901:	3 1 
2902:	2 1 
2903:	2 2 1 1 4 2 1 11 3 1 1 
2904:	5 3 5 2 3 2 1 2 1 1 2 
2905:	1 
2906:	3 3 5 5 5 2 1 1 3 5 
2907:	3 
291:	3 
2910:	1 
2911:	1 3 
2913:	4 3 1 
2914:	4 1 1 
2915:	3 3 
2916:	3 1 
2918:	8 5 
2919:	3 4 
292:	1 
2922:	5 
2925:	1 
2928:	3 
2929:	4 3 2 
293:	5 3 7 
2930:	1 
2931:	8 1 
2932:	3 4 
2934:	1 2 6 7 2 2 1 1 1 1 2 2 1 2 3 4 
2935:	1 
2936:	1 
2937:	4 13 2 2 1 1 1 3 
2938:	11 2 3 
2940:	3 3 13 18 3 10 1 4 3 2 1 
2941:	4 
2942:	3 1 
2943:	2 
2944:	1 1 
2945:	3 3 1 1 
2946:	2 6 1 1 7 2 2 1 2 1 4 5 1 1 7 1 3 1 2 2 1 1 1 2 
2947:	1 4 
2948:	1 1 
2949:	2 1 
295:	1 1 
2950:	12 2 2 
2953:	2 2 2 
2955:	1 3 
2956:	7 1 1 
2957:	3 4 7 7 
2958:	15 2 
2959:	2 7 
296:	4 3 2 2 1 1 1 2 1 
2961:	1 
2962:	1 
2964:	2 
2965:	3 4 
2966:	1 2 
2967:	1 
2968:	1 5 1 6 3 3 
2969:	4 
297:	8 1 1 3 
2970:	1 4 1 1 
2971:	2 
2972:	13 1 1 6 2 3 2 3 1 1 1 1 1 1 1 5 1 
2974:	1 
2975:	2 
2976:	4 2 
2978:	1 
2979:	4 
298:	2 
2980:	1 2 2 4 6 1 
2981:	3 1 2 4 1 
2983:	1 
2984:	1 11 
2986:	1 1 3 
2988:	2 
2989:	3 
299:	5 
2991:	5 
2993:	1 
2994:	3 1 1 3 3 
2996:	1 2 3 1 
2997:	3 2 8 1 
2998:	8 
300:	1 
3000:	1 5 
3002:	3 1 2 11 
3003:	1 1 2 
3004:	1 2 3 1 
3005:	1 1 1 1 
3006:	2 6 4 
3007:	1 1 3 
3008:	1 
3009:	3 2 1 2 2 
301:	4 1 
3010:	2 
3011:	1 4 1 5 1 5 1 
3012:	1 2 15 6 3 4 
3013:	3 1 
3014:	5 1 
3015:	5 1 2 
3016:	1 1 2 
3017:	4 
3018:	6 1 1 3 4 2 10 7 6 1 1 1 
302:	3 
3020:	1 2 
3021:	2 
3022:	11 3 1 1 1 1 
3024:	4 1 
3025:	5 
3026:	1 
3027:	8 10 1 14 
3028:	9 3 1 1 1 2 1 1 1 3 1 4 1 
3029:	3 2 
303:	2 1 1 
3030:	1 1 
3032:	1 
3033:	6 1 2 1 
3034:	6 1 1 1 1 1 
3040:	3 3 2 
3041:	1 
3042:	1 1 5 1 2 1 2 
3045:	3 1 1 4 
3046:	10 1 
3047:	2 1 1 
3048:	2 
3049:	1 
3050:	1 
3053:	2 2 
3057:	6 1 3 3 2 1 1 
3058:	8 1 2 6 1 5 2 1 1 1 2 
3059:	4 
3060:	3 
3062:	1 
3063:	2 
3064:	2 
3069:	2 
3073:	7 1 2 1 4 2 1 
3074:	2 2 1 
3075:	7 3 7 
3076:	6 
3077:	4 1 2 5 2 
308:	1 
3080:	3 
3082:	11 
3083:	1 
3084:	1 
3087:	1 3 
3088:	1 
3089:	2 
309:	11 1 1 3 1 1 
3091:	3 1 1 
3093:	1 
3094:	5 2 1 2 
3095:	2 2 1 
3096:	5 1 1 
3097:	6 1 
3099:	2 
31:	4 
310:	2 
3100:	1 5 1 4 
3101:	5 1 1 
3103:	3 2 2 7 9 5 4 1 1 4 1 2 
3105:	4 1 1 5 1 1 1 
3108:	4 1 
311:	2 3 5 
3110:	1 1 2 
3112:	4 1 5 1 14 1 1 1 1 1 1 2 
3113:	5 1 2 
3114:	5 
3115:	3 
3116:	1 1 1 
3117:	1 
3118:	2 
3120:	3 1 3 1 1 1 
3121:	2 8 1 3 
3123:	4 3 1 2 
3124:	1 
3125:	2 5 3 1 1 2 2 
3128:	3 1 1 
3129:	4 1 4 6 
313:	3 
3130:	4 3 
3131:	2 
3132:	1 1 6 2 
3133:	2 
3135:	2 8 
3136:	3 
3138:	3 1 
314:	6 1 2 
3140:	7 2 1 1 
3141:	1 
3142:	5 
3144:	6 1 
3147:	2 2 2 
3148:	3 1 3 2 7 2 5 5 1 1 1 7 
3149:	1 
315:	2 
3150:	1 1 
3151:	2 
3152:	2 
3153:	1 2 1 1 1 1 
3154:	6 
3155:	5 4 1 1 
3156:	3 5 
3157:	1 2 7 
3158:	1 
316:	2 
3160:	2 5 1 
3162:	1 4 1 1 1 4 2 1 1 1 1 1 1 3 2 1 1 
3163:	2 1 2 1 1 2 1 2 2 3 6 1 2 4 1 1 2 1 2 1 3 2 2 3 1 1 1 2 1 1 1 1 2 1 2 
3165:	1 3 2 3 1 2 1 3 1 1 1 2 1 1 2 1 1 2 1 
3167:	1 9 2 
3168:	3 
3169:	3 1 
317:	3 3 3 2 1 
3170:	2 
3171:	12 2 
3172:	1 6 1 1 1 2 1 3 2 
3173:	4 3 
3174:	4 
3175:	6 
3176:	2 
3177:	1 
3178:	1 
3179:	8 2 1 2 2 3 4 2 
318:	10 12 6 
3180:	2 
3181:	3 
3182:	1 5 15 1 
3184:	1 2 3 1 1 1 1 
3185:	3 
3186:	1 
3187:	1 2 1 2 2 1 
3189:	3 
3191:	4 7 
3192:	5 
3193:	1 
3195:	2 2 
3196:	4 1 2 
3197:	2 2 1 2 
3198:	1 
3199:	3 3 
32:	2 5 7 2 1 1 1 2 1 1 1 1 1 
320:	1 
3200:	6 2 1 
3202:	2 
3203:	3 3 
3204:	1 
3205:	9 
3206:	1 5 
3207:	5 
3208:	2 
3209:	11 2 3 
3210:	4 8 2 
3211:	3 4 3 
3213:	2 9 3 5 2 4 1 1 1 1 1 1 1 1 1 2 1 2 
3214:	1 4 
3215:	3 
3216:	1 
3217:	4 
3218:	5 2 14 
3219:	2 1 1 1 
322:	4 2 1 1 
3220:	3 5 1 
3221:	9 5 1 2 1 1 2 
3222:	1 2 4 1 
3223:	1 2 2 2 1 4 
3224:	4 2 3 
3225:	2 2 1 
3227:	1 2 
323:	2 1 5 2 2 1 
3230:	3 1 1 1 
3232:	1 1 1 1 
3233:	2 
3234:	2 1 2 
3235:	2 12 2 1 1 2 3 1 1 
3236:	1 
3238:	2 
3239:	4 6 13 3 3 4 4 1 1 
324:	3 5 
3240:	2 
3241:	1 
3242:	2 1 2 
3243:	4 
3244:	1 5 7 2 2 1 1 1 1 1 1 1 2 
3245:	3 
3248:	2 2 2 2 3 1 1 1 
325:	7 2 2 
3251:	1 
3252:	10 
3253:	3 5 1 5 6 16 8 
3254:	1 2 1 
3255:	1 7 5 
3256:	3 1 
3257:	1 2 3 1 2 2 
3258:	1 5 
3259:	1 1 3 1 
3260:	5 
3261:	3 1 1 3 
3262:	5 
3263:	1 
3264:	3 
3265:	3 
3266:	7 
3267:	1 
3268:	1 
3269:	2 2 4 8 
327:	4 
3270:	1 
3271:	3 1 
3272:	4 1 
3273:	2 2 
3274:	2 1 
3275:	1 
3278:	7 5 9 4 8 4 12 3 2 1 1 1 1 1 
328:	3 
3280:	4 1 
3281:	1 
3282:	1 1 6 
3284:	2 
3285:	4 
3286:	2 1 1 7 
3287:	3 2 
3288:	3 3 1 
329:	2 1 
3290:	1 
3291:	1 
3292:	1 
3293:	6 
3294:	1 2 1 
3295:	1 1 
3296:	1 1 1 1 
3297:	6 2 1 2 11 
3298:	1 
33:	7 5 1 2 
3302:	1 2 9 
3303:	4 
3307:	2 5 1 
3308:	1 2 1 1 
3310:	2 1 1 
3311:	1 1 1 
3312:	6 
3314:	1 
3315:	2 7 1 
3316:	5 2 4 1 2 
3318:	8 
332:	3 
3320:	2 3 2 
3321:	1 1 
3322:	2 
3326:	1 
3327:	3 2 
3328:	1 
3329:	2 4 2 9 
333:	2 1 1 
3330:	2 
3332:	1 1 2 1 1 
3333:	2 
3334:	5 5 2 1 1 
3336:	4 1 1 
3337:	2 
334:	6 4 1 1 
3340:	3 1 1 1 1 1 3 
3341:	6 1 4 1 1 
3342:	1 5 1 3 
3343:	3 8 
3344:	1 1 
3345:	2 1 1 
3346:	3 1 3 1 2 2 
3347:	1 5 
3348:	1 2 2 6 1 9 1 1 2 
3349:	1 
335:	1 
3353:	3 
3356:	2 
3357:	5 
3358:	1 
336:	1 
3361:	1 
3363:	1 
3364:	5 1 4 3 
3365:	5 12 1 5 
3366:	1 1 3 
3368:	6 
337:	2 
3370:	5 1 
3372:	2 
3373:	1 
3374:	2 
3375:	4 1 
3376:	2 1 
3377:	1 
3378:	2 1 3 1 1 2 1 1 1 1 1 1 2 1 
3379:	4 1 
338:	9 
3380:	5 4 3 
3381:	1 1 
3382:	4 
3383:	3 4 15 2 
3384:	3 1 
3385:	2 1 
3386:	2 
3387:	2 4 1 1 1 2 2 9 1 
3388:	3 
3389:	1 
339:	1 1 6 
3390:	2 
3392:	2 
3393:	1 1 5 1 
3394:	1 
3395:	1 
3397:	2 1 
3398:	4 2 
3399:	1 2 1 1 
34:	4 2 
3400:	1 4 
3401:	2 13 8 6 1 1 2 2 
3402:	2 
3403:	4 1 
3404:	4 6 2 6 3 1 1 1 3 1 
3408:	2 4 
3409:	2 
3412:	2 
3414:	1 
3415:	2 3 5 1 
3417:	2 2 
3418:	1 
3419:	1 2 
342:	3 1 1 2 
3420:	2 1 2 
3421:	6 2 
3422:	6 
3423:	1 2 1 3 
3424:	3 
3428:	1 1 3 
3429:	7 
343:	8 
3430:	2 1 2 1 1 
3431:	1 
3432:	1 
3434:	2 
3436:	3 
3437:	4 5 2 1 
3438:	1 
3441:	2 
3442:	7 3 1 
3443:	9 
3446:	1 
3447:	5 1 1 1 2 
3448:	2 1 1 1 2 
3449:	2 
3452:	6 1 2 1 
3453:	1 1 
3454:	2 1 
3455:	1 
3456:	4 3 3 
3457:	3 
3458:	1 1 2 1 1 
3459:	5 
3460:	1 2 1 
3461:	9 
3462:	2 3 
3463:	2 2 
3464:	5 2 6 2 2 1 1 2 1 1 1 1 1 1 1 1 5 
3465:	1 
3466:	1 2 1 2 
3467:	4 5 
3468:	6 2 1 1 1 1 1 3 
3469:	4 5 5 4 
347:	9 6 1 
3470:	1 
3471:	5 
3474:	5 3 1 6 
3475:	7 
3477:	1 
3478:	1 3 1 1 1 
3479:	2 4 1 2 
348:	2 
3481:	1 
3483:	1 
3485:	3 4 8 1 1 7 12 1 17 1 9 13 2 2 
3486:	3 1 1 
3487:	1 3 
3488:	5 2 4 1 1 1 2 1 1 
3489:	6 
349:	2 2 1 
3490:	4 6 3 1 3 1 2 7 13 
3491:	1 
3492:	2 
3494:	5 5 
3496:	1 5 10 2 
3497:	1 1 2 
3498:	4 4 2 1 1 2 1 2 3 1 2 1 
3499:	3 
35:	1 
350:	3 1 2 5 2 
3500:	7 
3501:	1 
3502:	2 4 6 2 
3504:	3 3 
3506:	1 3 
3508:	1 1 
3509:	1 2 4 1 1 1 2 1 
351:	2 
3511:	9 2 
3512:	6 1 
3514:	1 
3515:	1 1 
3516:	5 5 3 5 2 5 3 
3517:	1 
3518:	11 1 3 2 1 1 1 2 
3519:	1 
352:	6 
3520:	6 
3521:	2 
3523:	1 1 
3524:	1 7 2 
3525:	2 
3526:	1 
3527:	3 2 
3528:	1 4 3 
3529:	1 
353:	1 1 1 
3530:	1 
3531:	1 
3532:	2 
3533:	1 
3535:	2 1 4 1 1 1 1 1 1 1 2 
3536:	2 2 
3537:	9 2 1 1 1 1 1 2 3 3 1 2 2 2 1 2 3 1 1 
3539:	3 
354:	1 
3540:	2 
3541:	3 
3542:	8 5 
3543:	2 1 1 
3544:	1 2 
3545:	4 
3546:	2 1 
3547:	8 
3548:	3 2 3 
3549:	6 
3550:	1 1 
3551:	2 
3552:	4 2 2 1 1 1 1 2 
3553:	2 
3554:	3 
3555:	9 1 
3557:	7 2 9 10 
3558:	5 1 2 3 
3559:	1 
356:	2 7 
3560:	3 
3561:	8 1 5 2 5 1 2 
3562:	2 1 
3563:	5 1 1 1 2 2 1 
3564:	3 
3565:	11 
3566:	2 
3567:	2 1 
3568:	2 
3569:	1 3 
357:	1 7 1 5 2 3 3 10 1 8 2 1 11 
3571:	4 
3572:	4 
3573:	4 
3574:	5 6 1 
3575:	3 2 1 1 1 1 1 1 1 2 4 1 1 2 4 1 2 1 3 
3576:	3 
3577:	3 1 
3578:	1 1 2 
358:	1 
3582:	7 3 4 3 8 2 
3583:	6 
3586:	1 
3587:	3 2 4 2 7 2 9 4 2 4 1 1 1 1 
3588:	4 1 
359:	3 
3592:	2 3 2 1 
3594:	1 1 12 
3595:	6 
3596:	2 
3599:	1 5 2 1 1 
36:	6 1 1 
3601:	1 
3602:	8 2 
3603:	4 
3604:	3 
3605:	8 
361:	2 
3611:	2 
3612:	6 8 2 
3613:	2 
3614:	1 1 
3615:	3 6 2 
3616:	1 3 
3618:	3 
3619:	2 3 2 2 
362:	2 1 1 
3621:	5 2 
3622:	1 1 
3623:	2 
3628:	1 4 2 
363:	2 1 
3634:	1 13 15 9 7 5 3 1 15 17 
3636:	2 
3637:	7 3 1 5 4 
3639:	2 
3640:	4 2 7 
3642:	3 
3643:	1 
3645:	3 1 1 
3646:	1 1 5 3 3 1 
3648:	5 4 6 1 22 1 1 3 2 
3649:	1 
365:	1 1 
3650:	3 3 1 2 2 
3653:	2 1 
3654:	3 1 
3655:	3 
3656:	3 
3657:	2 1 
3658:	1 
3661:	4 
3664:	3 
3665:	3 
3666:	4 
3667:	1 
3668:	2 
367:	3 1 2 
3670:	2 1 
3671:	3 
3673:	1 1 2 
3674:	1 
3676:	1 
3677:	1 3 2 
3678:	1 
368:	3 2 1 
3680:	3 1 
3682:	2 
3683:	1 1 
3684:	2 
3685:	1 
3686:	1 2 
3687:	5 1 4 
3688:	4 1 2 
3689:	1 3 
369:	2 1 1 
3690:	2 
3691:	3 7 2 6 1 2 2 9 2 2 
3692:	1 1 1 4 
3693:	3 7 2 1 1 1 
3694:	1 1 1 
3696:	2 
3697:	3 2 4 1 1 
3699:	2 1 
37:	2 7 1 1 1 2 2 2 1 4 1 
3700:	2 
3701:	5 2 
3702:	2 2 2 2 
3703:	2 2 1 2 
3705:	2 1 2 3 1 3 3 1 13 5 3 1 1 6 1 4 1 5 1 1 1 3 2 3 3 
3706:	1 20 12 
3707:	2 
3708:	2 
3709:	1 
3710:	1 1 1 1 1 
3711:	1 8 1 4 
3712:	1 4 3 3 1 1 2 
3713:	2 
3714:	3 
3715:	1 
3716:	3 1 3 
3718:	1 
3719:	5 2 
3720:	1 2 
3721:	4 3 7 
3722:	2 
3725:	2 1 2 3 1 1 
3726:	4 
3727:	1 1 1 1 
3728:	4 
3729:	2 
373:	7 
3730:	4 1 
3731:	1 
3732:	3 1 2 2 3 2 
3733:	2 
3735:	1 2 3 2 2 7 14 3 3 
3736:	6 
3738:	3 1 
3739:	2 
374:	1 4 
3740:	2 1 
3741:	3 1 
3742:	5 1 
3744:	1 2 2 
3745:	1 6 
3746:	2 1 
3747:	1 1 2 
3748:	4 
3749:	4 10 7 8 1 5 1 1 14 1 2 1 1 
375:	1 2 3 6 1 1 1 
3750:	1 
3751:	6 1 1 2 
3752:	2 2 
3754:	5 2 
3755:	3 
3759:	5 5 2 6 1 3 4 1 5 1 3 1 3 2 2 
376:	1 
3761:	1 
3762:	1 1 1 13 11 
3763:	2 
3764:	3 1 1 
3765:	3 
3767:	2 1 
3770:	3 
3771:	1 
3772:	3 6 
3779:	7 
378:	5 5 11 1 5 1 
3780:	2 4 1 2 
3782:	1 
3783:	1 2 11 5 1 
3784:	1 3 3 7 
3785:	3 3 1 1 1 
3786:	4 1 
3787:	1 
3788:	2 
3790:	2 
3791:	3 
3792:	3 
3795:	2 4 
3796:	1 3 
3797:	2 1 
3798:	3 2 
3799:	2 
38:	1 
380:	2 3 
3800:	2 2 2 
3801:	1 2 3 
3802:	1 
3803:	3 
3804:	2 
3805:	1 3 
3806:	3 1 
3807:	1 9 
3808:	2 
3810:	1 2 13 2 2 1 1 1 3 1 3 
3812:	1 1 18 
3813:	1 
3814:	1 1 1 
3815:	3 9 
3816:	1 4 
3817:	3 1 
3819:	1 
382:	1 6 2 1 
3821:	1 
3822:	6 1 4 1 2 2 1 1 3 1 1 2 4 1 2 1 1 1 
3823:	1 
3824:	2 5 1 
3825:	1 
3826:	2 
3827:	1 5 2 
3829:	3 2 
383:	1 
3830:	3 
3831:	2 2 1 1 1 2 
3833:	7 
3834:	3 7 7 2 
3836:	1 1 1 2 1 
3838:	6 3 1 1 
3839:	3 
384:	5 2 1 
3843:	1 2 
3845:	2 20 
3847:	1 
3848:	1 1 1 
385:	3 
3850:	4 3 
3851:	5 
3854:	2 
3855:	2 3 
3858:	3 
386:	2 1 
3860:	1 1 4 1 1 
3862:	1 2 5 3 2 1 3 
3863:	1 1 2 
3865:	4 1 3 1 
3866:	7 6 9 1 1 2 3 2 
3867:	4 
3868:	3 2 1 2 1 2 1 1 1 1 4 
3869:	13 4 3 
3870:	3 
3871:	3 
3872:	4 4 1 2 1 2 
3873:	3 2 2 
3874:	2 2 
3877:	3 
3878:	1 
3879:	4 
388:	6 1 
3880:	4 14 7 20 12 2 1 
3881:	4 1 2 
3882:	3 4 
3884:	14 3 
3885:	3 1 
3886:	1 
3887:	3 1 
389:	2 3 1 2 10 1 3 2 1 2 1 5 1 3 1 2 
3890:	4 
3891:	4 1 1 1 
3894:	1 3 
3895:	1 5 1 1 4 1 2 
3896:	1 
3897:	8 1 2 2 3 1 10 3 1 4 1 2 4 2 2 2 1 1 
3899:	1 4 15 12 3 3 4 1 1 
39:	11 5 
390:	3 
3900:	2 1 2 2 
3901:	1 
3903:	2 1 
3905:	7 
3906:	1 3 
3908:	11 4 
3909:	6 1 
391:	7 1 4 1 
3910:	3 1 1 
3911:	2 1 
3912:	2 2 1 1 
3913:	4 3 
3914:	3 1 
3915:	4 3 5 1 
3917:	7 3 
3918:	2 
3920:	1 5 1 
3921:	1 1 
3922:	2 2 
3923:	1 
3925:	1 3 
3926:	6 1 4 6 3 
3927:	3 
3929:	3 
393:	4 
3930:	2 1 
3932:	4 6 1 3 
3934:	1 1 
3936:	8 2 1 
3937:	2 
3938:	2 
3939:	2 3 1 4 1 
3941:	2 2 3 2 4 3 1 2 1 2 1 2 
3942:	3 
3943:	2 
3944:	5 
3945:	2 3 
3946:	4 5 
3947:	8 
3949:	2 
395:	6 
3950:	2 3 2 5 
3951:	1 
3952:	1 3 
3953:	1 7 1 2 1 2 3 5 
3954:	3 
3958:	1 
3959:	1 
3960:	2 
3961:	1 1 2 4 3 2 1 1 1 1 1 
3962:	1 
3963:	1 1 1 1 
3964:	2 
3965:	1 
3967:	1 3 
3968:	1 1 2 
3969:	3 2 
3970:	2 3 1 
3971:	1 
3972:	4 
3973:	1 
3974:	2 
3976:	1 
3977:	2 
3978:	2 1 4 2 
3979:	4 
3980:	3 4 1 13 2 1 2 1 3 5 
3984:	5 
3985:	2 3 2 2 17 4 1 2 1 3 1 2 3 1 1 1 1 1 1 1 1 
3986:	7 1 
3987:	2 
3988:	5 4 1 2 3 
3989:	1 
3991:	1 
3992:	1 3 2 4 1 2 4 
3993:	5 
3994:	1 1 2 
3997:	3 2 
3998:	1 3 
3999:	1 1 1 
40:	5 
4000:	2 
4003:	3 
4004:	5 2 2 
4006:	7 6 1 2 2 13 17 10 
4007:	4 
4008:	1 
4009:	1 
401:	1 
4010:	7 28 8 9 12 1 1 
4011:	1 
4012:	9 1 
4013:	2 
4016:	1 5 
4017:	1 1 
4018:	2 
4019:	1 1 4 4 2 
4020:	3 
4022:	2 1 1 1 3 13 1 7 
4023:	1 
4024:	2 2 2 1 
4025:	2 2 1 
4027:	1 
4029:	1 7 6 
403:	3 1 1 5 
4030:	2 
4031:	1 
4032:	4 2 4 1 
4034:	8 12 
4035:	1 1 
4037:	2 
4038:	8 
4039:	1 3 
404:	3 16 39 
4040:	5 1 
4041:	3 1 
4042:	1 1 
4043:	1 1 3 1 1 5 2 
4044:	1 
4045:	1 
4046:	2 2 2 
4048:	1 
4049:	3 3 
4053:	7 1 2 2 1 2 1 1 1 
4054:	2 1 
4055:	2 
4056:	3 3 4 
4057:	1 2 
406:	4 2 3 1 6 
4060:	8 
4061:	6 
4062:	1 
4063:	1 1 2 
4064:	1 
4066:	2 2 
4067:	4 
4068:	1 1 
4069:	1 
407:	2 2 9 3 1 1 7 4 2 4 
4070:	4 1 
4071:	3 
4072:	2 1 
4073:	1 3 5 9 
4074:	3 
4075:	2 
4076:	2 3 
4077:	4 
4078:	1 
4079:	3 7 
408:	1 
4080:	9 15 
4081:	3 2 
4082:	4 
4083:	6 1 2 2 1 
4084:	2 1 
4085:	1 
4086:	1 1 1 1 2 3 2 1 3 2 2 3 4 
4089:	4 3 
409:	2 
4090:	3 1 8 3 1 1 3 1 1 1 4 2 3 4 1 2 1 3 3 1 2 1 1 2 
4091:	2 2 
4092:	2 
4093:	5 
4094:	2 
4097:	9 
41:	1 1 2 
410:	5 1 
4100:	5 
4101:	4 1 2 1 4 5 
4102:	2 1 1 2 2 1 
4103:	1 1 1 
4104:	1 1 4 
4105:	3 
4106:	6 5 
4107:	1 2 
4108:	2 1 
4109:	2 
411:	3 1 3 
4110:	6 
4112:	4 1 
4113:	1 1 1 
4114:	1 6 
4115:	4 2 8 1 1 1 1 1 2 
4116:	5 2 
4117:	2 
4118:	9 5 4 
412:	2 
4120:	3 
4122:	2 
4124:	6 3 
4127:	3 
4128:	6 
4130:	10 1 
4131:	1 1 2 2 
4133:	1 
4134:	2 1 
4135:	1 
4136:	6 2 3 1 3 3 3 2 2 2 
4137:	1 
4138:	8 2 1 1 2 1 4 1 3 1 1 3 3 3 1 2 2 1 
414:	1 
4140:	1 
4141:	3 
4142:	1 
4143:	3 
4144:	3 
4145:	1 2 1 2 
4146:	1 
4147:	3 
4148:	1 
4149:	1 
4150:	1 
4152:	2 
4153:	2 15 
4155:	2 1 2 3 1 1 1 1 1 3 
4156:	1 2 
4157:	8 1 5 
4158:	1 3 
4160:	1 4 1 
4161:	3 1 1 2 1 1 1 
4162:	5 
4163:	4 
4164:	3 
4165:	4 3 
4166:	1 
4167:	4 
4168:	1 4 1 
4169:	1 5 
417:	4 3 1 
4170:	1 
4171:	6 1 1 1 1 3 2 5 1 2 6 5 
4173:	1 
4174:	3 
4175:	18 4 
4177:	3 
4178:	4 3 1 1 1 10 1 1 6 
4179:	3 
4186:	1 1 2 1 
4187:	1 
419:	1 
4190:	5 3 1 2 1 2 3 2 3 4 1 1 
4193:	2 
4194:	4 
4195:	10 
4196:	2 1 1 
4197:	6 1 2 5 1 5 
4199:	4 
4200:	5 
4201:	1 2 1 
4202:	1 1 
4205:	2 
4206:	8 2 
4207:	4 
4208:	1 3 6 1 1 1 1 
4209:	2 1 
421:	4 2 
4210:	2 2 
4211:	2 
4212:	2 
4216:	13 13 1 2 
4217:	1 1 1 1 
4219:	1 1 1 
4220:	1 1 
4221:	5 4 3 2 
4222:	2 1 1 1 4 2 
4224:	1 1 
4225:	1 1 5 5 7 1 1 1 3 2 2 
4227:	4 10 
4228:	2 6 
4229:	1 
4230:	1 1 
4231:	5 1 5 10 7 6 2 9 1 1 1 1 1 1 1 2 
4234:	4 
4235:	1 
4236:	4 
4237:	3 5 1 
4238:	3 
4239:	4 1 
4240:	6 2 1 2 
4241:	1 
4243:	8 1 1 1 23 2 
4244:	2 
4245:	2 
4246:	4 1 
4247:	1 
4248:	2 3 
4249:	14 1 2 1 1 2 5 
4250:	18 1 8 4 
4251:	5 1 1 1 1 1 1 1 2 2 1 5 7 1 2 1 1 2 1 1 1 2 1 1 3 2 1 1 2 1 3 
4252:	3 
4253:	6 
4255:	9 1 1 17 3 
4256:	2 
4257:	1 2 1 1 6 1 2 5 2 2 2 2 1 1 1 2 4 1 1 1 
4258:	1 17 1 4 5 3 
4259:	1 1 1 1 2 15 3 1 9 8 1 
4260:	3 
4261:	1 
4262:	1 4 
4263:	5 4 2 1 8 1 1 1 1 1 4 1 3 6 3 3 1 1 2 3 1 2 1 1 1 1 1 
4264:	2 1 
4265:	4 
4266:	2 2 
4267:	2 2 5 
4268:	2 
4269:	5 
4270:	1 4 
4271:	24 3 6 14 
4272:	1 1 
4273:	5 7 
4275:	5 1 
4276:	1 3 
4277:	1 8 
4278:	3 7 1 
428:	5 1 
4281:	1 4 1 1 1 10 
4282:	1 1 1 1 10 7 
4283:	4 
4284:	8 1 1 
4285:	2 1 
4286:	31 4 
4288:	2 
4289:	5 2 
429:	2 
4292:	5 
4294:	1 
4295:	1 
4297:	2 
4298:	7 
4299:	6 8 4 5 10 3 1 2 3 3 1 3 3 
43:	1 
430:	3 2 1 
4300:	1 
4304:	25 2 1 3 2 
4305:	3 1 
4306:	5 
4309:	3 3 1 1 
431:	2 8 7 2 1 7 1 4 
4310:	2 2 1 2 1 
4311:	1 
4314:	3 
4315:	1 1 7 
4317:	1 1 1 2 1 
4318:	3 1 1 
4319:	2 1 
432:	1 
4321:	6 6 5 1 5 2 6 1 1 1 2 1 2 1 
4323:	1 1 
4324:	5 1 
4328:	1 1 
433:	2 
4330:	3 
4331:	8 
4332:	3 
4333:	3 1 1 4 
4334:	2 5 
4335:	2 
4336:	1 1 4 9 
4338:	6 5 6 9 
434:	2 
4340:	2 
4341:	4 1 1 
4343:	3 1 
4344:	1 6 5 1 
4345:	2 2 1 
4347:	2 2 2 
4348:	1 
4352:	1 
4353:	3 
4357:	2 9 
4358:	5 4 9 2 
4359:	4 
436:	1 2 
4360:	2 1 
4362:	2 
4363:	1 
4364:	2 
4365:	5 1 1 1 9 1 
4366:	1 
4367:	5 
4368:	1 1 1 1 3 
437:	1 
4370:	3 2 3 2 4 
4371:	2 
4372:	3 
4373:	4 2 
4375:	3 
4376:	2 13 
4377:	1 2 
4378:	2 1 1 9 
4379:	3 
4380:	1 2 
4383:	4 
4384:	5 
4386:	6 3 
4387:	2 
4389:	1 
439:	1 
4390:	2 
4391:	1 1 
4392:	3 1 5 1 8 
4393:	4 1 8 
4395:	4 2 3 
4399:	2 
44:	1 4 3 2 
440:	3 5 5 3 3 2 3 3 3 4 3 1 2 3 2 4 2 1 1 2 2 1 3 2 2 3 
4400:	3 2 
4401:	1 
4402:	5 1 3 2 2 1 1 
4403:	1 2 2 
4405:	1 
4406:	2 2 3 
4407:	7 4 1 1 2 8 1 1 2 2 
4408:	4 17 
4409:	4 1 2 3 
441:	4 10 1 
4410:	2 1 
4411:	2 
4412:	5 
4413:	1 
4414:	8 1 4 
4415:	2 1 1 
4417:	2 
4418:	1 
4419:	2 1 3 
4420:	3 5 
4421:	4 
4422:	1 
4423:	1 1 
4425:	4 4 1 2 1 2 1 1 1 
4427:	4 1 5 4 1 1 
4429:	8 
443:	2 1 1 3 8 1 
4431:	8 4 3 4 1 5 
4432:	5 3 1 1 15 
4433:	4 3 
4434:	2 
4435:	2 
4438:	4 2 
4439:	1 
444:	1 
4441:	4 1 6 
4442:	14 3 
4444:	5 1 7 1 
4445:	3 
4446:	1 1 2 
4447:	3 
4448:	7 2 
445:	1 1 
4450:	1 
4451:	4 3 8 2 
4452:	1 2 
4454:	1 3 1 
4456:	1 
4458:	3 
4459:	1 
4460:	3 
4461:	1 
4462:	2 
4463:	3 
4464:	1 3 
4465:	1 
4466:	2 6 2 
4467:	4 2 14 1 
4468:	1 2 
4469:	4 11 3 
447:	2 4 
4470:	2 1 
4471:	2 
4472:	2 2 1 1 
4473:	1 4 
4475:	1 
4477:	2 
448:	1 
4481:	1 2 
4485:	5 2 
4489:	5 
4490:	3 5 2 9 1 1 2 1 1 1 1 2 1 1 1 1 1 1 1 1 1 3 4 
4491:	1 1 2 2 3 1 
4492:	1 3 
4493:	1 1 
4494:	5 
4496:	1 
4497:	1 2 1 2 
4499:	1 1 
45:	1 
450:	1 
4501:	2 
4502:	1 1 
4503:	1 
4504:	2 2 
4505:	6 5 2 1 4 3 
4506:	6 
4507:	2 
4508:	1 
451:	3 
4515:	1 1 1 1 2 2 1 1 1 2 1 2 2 4 4 2 1 1 
4517:	2 2 
4518:	3 
4519:	1 3 2 3 
452:	1 2 
4520:	1 1 1 4 1 3 1 1 1 3 4 1 3 3 2 1 2 2 
4521:	1 
4522:	2 
4523:	4 
4525:	3 
4526:	1 4 
4527:	2 2 1 
4528:	1 1 
4529:	4 
453:	4 
4530:	5 
4531:	2 1 
4532:	2 1 2 
4533:	1 
4534:	3 1 4 
4535:	1 
4536:	2 
4537:	1 1 
4538:	1 
4539:	4 16 2 
454:	1 
4540:	1 
4541:	1 
4542:	3 
4543:	1 
4544:	2 5 2 1 1 1 1 1 3 1 1 2 3 2 1 1 2 2 1 4 2 2 1 
4546:	2 
4547:	8 1 1 
4549:	2 1 2 1 1 1 1 1 1 1 
4550:	3 6 1 5 1 1 
4551:	3 
4552:	2 8 
4553:	1 
4554:	5 3 2 
4556:	1 1 1 1 8 
4559:	7 
456:	5 1 
4560:	2 
4561:	5 
4562:	2 
4563:	1 
4566:	1 
4568:	1 2 
4569:	2 13 1 13 
4570:	4 
4572:	3 
4574:	1 
4576:	2 1 2 2 3 1 3 1 1 2 1 1 1 1 
4578:	2 1 
4579:	3 
4580:	1 1 
4583:	2 
4585:	1 
4586:	1 
4587:	1 
4588:	2 3 
4589:	2 
459:	1 
4591:	1 7 
4592:	2 3 1 
4593:	1 1 
4594:	3 4 3 2 8 12 
4595:	1 
4596:	1 
4597:	1 
4599:	1 3 1 3 3 1 4 2 3 1 3 2 3 5 1 1 3 6 
46:	1 
4601:	1 4 
4602:	2 1 2 7 
4603:	1 
4604:	1 
4605:	2 2 
4606:	2 1 
4607:	2 
461:	1 
4610:	4 2 
4611:	4 3 5 4 
4612:	3 
4613:	1 2 3 3 1 
4616:	1 1 1 
4617:	4 11 2 
4620:	1 
4621:	2 
4622:	3 
4624:	2 
4625:	1 1 
4627:	1 
4629:	4 3 2 2 1 2 
463:	1 
4630:	1 
4631:	2 
4636:	1 
4637:	1 
4638:	2 5 2 3 1 
4639:	10 1 3 1 1 
4640:	4 1 
4642:	1 1 
4643:	1 2 2 3 3 2 1 1 1 5 4 9 10 7 
4644:	2 
4645:	2 4 6 
4647:	2 1 
4649:	1 
465:	3 3 
4651:	9 2 1 9 
4652:	1 
4653:	1 
4654:	1 2 1 
4655:	4 
4656:	6 1 3 1 
4659:	1 3 
466:	2 1 
4660:	4 1 
4661:	2 3 1 3 8 4 
4662:	2 1 1 
4663:	2 4 2 1 3 9 6 3 
4664:	2 
4665:	1 1 
4667:	4 2 
4668:	1 1 
4669:	4 
467:	5 1 
4671:	4 
4672:	1 4 10 9 3 1 
4673:	2 
4675:	1 9 
4676:	2 12 
4677:	1 1 
4678:	6 10 
4679:	4 1 1 
468:	4 
4680:	3 1 1 2 2 1 1 4 
4681:	1 
4682:	1 1 1 6 9 9 1 1 5 8 4 1 1 1 
4683:	1 
4684:	5 2 1 
4686:	3 1 3 
4687:	1 
4688:	2 
4689:	15 3 
469:	2 2 1 10 1 4 
4690:	5 2 
4691:	4 
4693:	5 1 1 2 3 
4694:	1 
4696:	12 6 
4697:	2 1 6 6 
4698:	1 2 4 1 3 16 
4699:	2 
470:	2 
4700:	2 
4702:	1 1 1 
4703:	3 
4704:	1 1 
4705:	1 2 2 
4706:	1 
4707:	1 2 
4708:	1 7 2 
4709:	1 2 
471:	1 
4710:	1 3 3 5 
4711:	1 3 
4712:	4 
4713:	4 4 2 7 
4714:	3 
4715:	2 
4716:	7 2 1 2 5 2 2 2 5 1 1 2 3 2 1 2 1 1 1 1 
4717:	7 
4718:	1 4 5 5 8 
4719:	1 1 1 
472:	6 2 1 
4721:	1 1 
4722:	1 
4723:	8 2 2 1 
4724:	3 1 1 8 6 5 
4725:	6 
4726:	3 
4727:	5 
4728:	6 
4729:	1 7 
473:	3 
4730:	1 1 
4731:	1 
4732:	1 1 
4733:	4 
4734:	2 1 
4735:	1 
4736:	1 3 1 1 2 3 3 1 1 4 2 1 1 2 2 1 3 1 2 2 3 
474:	2 
4740:	2 
4741:	1 1 
4742:	3 
4743:	3 
4744:	1 
4745:	1 
4746:	3 1 
4747:	2 
4749:	1 
475:	8 6 
4750:	5 1 
4752:	2 
4753:	1 4 
4754:	5 1 23 2 3 5 1 4 6 
4755:	5 1 
4756:	7 1 1 
4759:	3 
476:	5 1 1 
4761:	8 6 
4764:	3 
4765:	1 1 
4766:	2 2 
4767:	2 1 
477:	1 1 
4772:	4 1 
4773:	1 1 2 4 
4776:	1 1 
4777:	2 1 6 1 1 1 1 1 1 1 1 1 1 1 
4778:	2 
4779:	8 2 
4781:	2 1 1 3 3 2 
4782:	2 7 
4783:	5 2 1 11 6 1 
4785:	3 
4788:	4 
4789:	2 1 1 2 
4791:	2 1 2 5 2 
4792:	2 1 
4793:	6 2 8 7 
4794:	7 
4795:	1 
4797:	4 
4798:	3 
4799:	1 3 1 1 2 
480:	1 3 2 2 1 1 1 
4801:	2 
4805:	1 
4808:	13 1 
4810:	14 2 2 
4811:	2 1 
4812:	3 1 2 1 
4813:	1 1 1 2 1 2 
4814:	2 1 
4816:	5 
4817:	3 
4818:	2 2 9 
4819:	1 1 
4820:	8 6 
4821:	1 3 1 
4822:	1 1 1 2 
4823:	2 1 
4824:	1 2 3 1 1 1 2 
4826:	2 
4827:	4 
4828:	2 1 2 1 1 1 1 
4829:	4 4 1 1 1 2 1 1 1 
483:	1 1 5 2 2 1 2 1 1 1 5 1 1 2 
4830:	2 
4832:	4 
4833:	1 
4835:	2 
4837:	3 2 1 
4838:	12 1 1 2 3 2 2 3 1 1 
4839:	5 1 
4840:	1 1 1 
4841:	2 2 3 2 
4842:	1 7 2 3 1 1 1 1 1 4 1 1 1 3 1 1 
4843:	1 1 
4844:	7 
4845:	4 3 1 
4847:	2 6 
4848:	1 
485:	2 
4850:	1 
4851:	8 2 10 
4852:	4 1 1 4 1 6 4 
4853:	3 
4854:	4 
4855:	5 1 
4856:	1 2 1 1 11 
4858:	2 3 1 
486:	3 1 
4860:	3 5 
4861:	6 1 
4863:	11 3 
4864:	2 
4865:	2 
4867:	2 
4868:	3 
4869:	8 3 1 4 6 5 1 1 1 3 
487:	4 1 1 1 1 1 1 2 2 1 2 7 1 2 5 1 1 1 1 1 1 1 2 
4870:	1 3 6 
4873:	3 5 
4874:	1 2 2 
4875:	1 
4876:	3 5 4 10 1 5 4 1 3 
4877:	1 1 4 5 
4878:	1 1 5 2 2 
4879:	2 
488:	5 3 
4881:	5 2 
4882:	1 6 5 
4883:	3 1 
4884:	1 
4885:	17 3 5 
4886:	3 3 2 3 
4887:	1 
4888:	2 4 
4889:	4 
489:	2 
4890:	1 
4894:	3 
4895:	2 
4896:	4 1 
4897:	6 1 2 
4898:	7 
4899:	2 3 
490:	4 2 1 
4902:	6 
4904:	6 
4906:	1 
4908:	1 
4909:	4 1 1 2 1 1 
491:	5 2 
4910:	4 
4911:	2 1 2 1 1 
4913:	9 1 7 5 
4914:	3 1 
4915:	10 
4916:	1 
4917:	1 
4918:	10 1 
4919:	4 7 2 6 
492:	1 1 4 1 1 1 1 4 
4920:	1 1 2 
4921:	1 2 4 
4924:	1 
4925:	3 
4927:	1 
4928:	7 3 3 5 
4929:	4 4 
4930:	1 
4932:	1 1 
4933:	5 3 
4935:	1 
4936:	1 2 1 1 1 
4937:	1 1 
4940:	7 
4941:	3 
4942:	1 
4943:	2 2 1 1 1 
4944:	3 
4945:	6 3 3 
4946:	2 
4947:	3 
4948:	2 
495:	1 3 3 2 1 1 1 2 1 1 1 2 
4950:	5 1 2 
4951:	4 1 1 4 1 4 2 2 1 1 2 2 1 1 1 1 
4952:	2 
4953:	3 
4954:	6 
4955:	10 
4956:	4 
4957:	2 
4958:	4 
4960:	4 2 1 
4961:	2 6 
4962:	9 
4963:	1 
4965:	2 
4968:	2 1 6 
4969:	1 
4970:	1 1 1 1 1 1 5 3 1 2 1 2 1 1 3 
4971:	3 
4973:	1 
4974:	3 
4975:	1 
4976:	2 1 16 
4980:	2 
4982:	1 
4983:	6 1 
4985:	4 1 
4986:	3 5 
4987:	3 
4988:	3 4 1 
4989:	5 
4990:	7 1 3 
4991:	17 5 
4992:	3 
4993:	3 1 1 
4995:	2 1 
4996:	1 1 2 
500:	2 
5000:	3 
5001:	1 1 3 2 2 1 
5002:	1 19 1 
5003:	5 1 
5005:	5 3 
5006:	1 1 1 
5007:	1 1 
5008:	8 4 
501:	3 2 4 
5010:	3 
5011:	2 1 1 1 2 2 2 1 1 2 1 
5012:	4 
5014:	1 
5015:	9 
5016:	3 
5017:	1 
5019:	3 
502:	3 1 3 8 8 2 2 1 8 3 1 5 1 2 1 3 2 1 
5023:	2 
5025:	1 3 1 1 2 14 8 2 2 2 4 2 1 2 1 1 1 5 1 1 2 2 2 5 3 1 1 3 1 1 2 
503:	5 4 
5031:	2 
5032:	7 17 2 6 3 
5033:	7 
5034:	1 1 1 3 2 
5036:	1 3 
5037:	1 2 1 1 
5038:	2 
5039:	5 1 2 5 1 
5041:	3 2 
5042:	3 
5044:	1 
5045:	3 
5046:	2 
5047:	2 
5048:	3 
5049:	4 
505:	1 4 
5050:	11 2 12 2 
5051:	2 
5052:	3 6 1 1 1 
5056:	2 
5057:	3 1 
5058:	1 
5059:	2 1 
506:	1 3 
5061:	4 4 
5062:	2 6 6 2 2 3 5 1 6 
5063:	5 
5064:	2 3 2 6 5 2 3 10 24 1 
5066:	1 
5068:	1 
5069:	1 
5071:	1 1 2 
5072:	7 
5074:	2 1 
5075:	2 1 
5078:	2 
508:	2 3 1 2 1 2 2 1 4 1 4 1 1 
5080:	1 3 2 1 
5082:	1 3 1 2 1 
5084:	3 11 2 6 1 
5085:	1 2 
5086:	2 
5087:	1 
5088:	1 5 
5089:	1 
509:	2 
5090:	6 3 2 8 
5091:	4 3 
5092:	1 2 2 
5093:	1 1 2 1 2 
5094:	6 
5095:	2 
5096:	4 
5097:	1 2 2 2 1 6 3 
5098:	2 
5099:	2 5 
51:	2 
5101:	6 
5102:	5 1 1 
5103:	1 1 1 
5105:	1 1 
5106:	1 2 
5107:	2 1 
5108:	3 1 
5110:	4 2 3 1 1 2 1 1 1 2 1 3 2 2 1 3 3 2 
5111:	2 1 1 2 2 1 1 1 1 1 1 1 1 1 1 3 1 4 
5112:	2 
5113:	2 
5114:	3 5 3 7 3 1 1 2 1 1 2 1 2 2 3 
5116:	1 1 1 1 
5118:	2 1 
5119:	2 
512:	1 2 
5120:	1 
5121:	3 1 
5123:	4 
5124:	4 
5125:	3 
5126:	3 10 2 1 1 1 2 
5127:	4 
5128:	11 1 1 
5129:	6 
513:	2 7 3 10 
5131:	11 
5134:	3 2 3 2 3 1 1 
5137:	5 
5138:	3 1 1 
5139:	1 
514:	1 1 3 1 
5140:	1 1 4 2 
5141:	1 2 2 
5142:	6 
5143:	8 2 1 
5144:	4 1 1 1 2 3 2 4 4 
5145:	1 
5146:	2 4 3 1 1 1 1 1 1 5 1 1 2 3 
5147:	1 6 2 10 8 1 
5148:	2 1 1 3 1 1 1 1 1 1 2 1 1 1 1 2 1 
5149:	1 1 1 
515:	1 
5150:	1 3 2 5 
5153:	2 
5154:	1 4 1 1 2 3 1 1 1 
5155:	1 
5156:	1 1 
5159:	2 
516:	4 9 
5160:	3 3 2 
5161:	1 1 
5163:	2 2 8 
5165:	2 1 5 4 
5166:	1 12 
5167:	2 2 
5168:	5 4 1 1 1 11 2 
517:	2 3 5 6 1 4 
5170:	1 1 2 1 1 
5171:	6 3 1 
5174:	1 5 22 
5175:	1 3 
5176:	2 1 4 2 2 2 1 2 2 2 
5177:	1 
5178:	1 
5179:	1 2 1 2 1 3 2 
518:	1 
5180:	1 1 1 5 1 
5181:	2 
5182:	2 4 1 
5185:	1 
5186:	1 
5187:	7 
5188:	1 
519:	1 3 
5190:	3 
5191:	6 1 1 
5193:	1 3 
5195:	2 
5196:	3 4 
5197:	10 16 2 2 1 1 2 1 
5198:	1 2 3 2 
52:	2 
520:	2 
5200:	5 1 1 
5201:	1 
5202:	1 
5203:	3 
5206:	10 
5207:	2 3 2 
5208:	1 
5209:	3 2 6 
521:	1 3 
5210:	1 
5211:	3 1 
5212:	8 5 1 1 3 3 1 4 8 
5213:	1 
5216:	10 9 
5217:	5 1 2 
5218:	3 
5219:	1 1 1 1 
522:	5 
5220:	4 
5221:	2 
5222:	1 
5224:	1 
5225:	7 5 
5226:	3 
5227:	3 6 
5228:	3 9 
5229:	2 
523:	2 1 
5232:	3 2 1 1 
5233:	3 2 
5234:	5 
5235:	1 
5237:	1 
5238:	1 
5239:	3 
524:	2 
5240:	1 
5241:	1 3 
5242:	2 
5243:	2 3 
5244:	1 
5245:	6 4 
5246:	4 1 1 
5247:	3 
5249:	1 
525:	2 
5250:	3 2 1 8 4 4 
5252:	4 
5253:	4 2 15 1 
5254:	4 1 
5255:	2 
5257:	1 
5258:	2 
5259:	4 1 
526:	1 3 2 7 1 2 1 4 5 1 1 2 2 2 1 1 
5260:	2 
5261:	3 
5262:	1 12 1 
5263:	3 2 5 1 4 4 6 11 6 
5264:	3 
5265:	1 1 7 
5267:	5 
5268:	1 
5269:	1 
527:	1 2 1 
5270:	8 
5271:	3 
5272:	3 2 
5274:	10 2 13 1 1 1 1 1 1 1 1 1 2 2 1 1 6 2 
5275:	1 2 
5276:	4 
5277:	1 
5278:	9 
5279:	2 2 2 4 
528:	5 5 12 2 3 1 4 1 3 2 1 3 1 1 3 1 1 3 1 2 1 1 2 1 2 1 
5280:	1 3 
5281:	1 
5282:	2 
5283:	3 
5287:	3 1 13 2 2 2 1 
5288:	1 1 
5289:	8 2 1 3 5 2 1 1 1 1 3 1 
529:	4 4 1 1 5 5 2 3 1 4 
5290:	3 2 
5293:	2 
5295:	1 
5296:	2 2 
5298:	1 1 2 
5299:	3 1 2 1 1 4 3 
5300:	2 
5301:	1 
5302:	1 
5303:	6 
5306:	5 4 1 5 1 1 5 
5307:	3 1 
5308:	1 
5309:	2 
5310:	4 1 1 4 
5311:	3 
5313:	13 4 
5314:	4 
5315:	1 
5318:	10 
5321:	2 
5322:	2 5 10 2 8 2 1 2 
5326:	1 2 12 4 1 6 3 1 2 3 1 1 1 1 
5327:	1 
5328:	2 2 1 1 
5329:	1 
5330:	4 1 1 1 2 1 5 1 3 5 1 3 3 2 1 1 6 1 1 1 1 2 1 1 2 2 1 
5332:	1 3 2 4 1 2 
5333:	4 
5334:	2 
5336:	2 
5337:	3 
5338:	1 1 
5339:	2 
534:	1 1 1 1 1 1 1 1 1 4 5 1 1 4 2 1 1 1 1 1 1 4 1 1 1 2 
5340:	2 1 
5341:	4 2 1 
5342:	1 
5344:	2 3 7 
5345:	16 5 
5346:	3 1 
5347:	1 
5348:	1 1 
5349:	1 4 
5351:	6 4 10 1 4 7 
5352:	4 1 1 
5353:	2 1 
5354:	3 6 
5355:	3 1 
5356:	1 
5358:	12 1 4 9 2 7 5 
5360:	2 
5361:	1 1 
5362:	3 4 
5363:	2 4 1 7 6 10 1 
5364:	1 
5367:	2 1 
5368:	1 1 1 
5369:	4 1 1 
5370:	5 1 2 1 2 
5371:	5 
5372:	1 1 2 
5373:	1 
5374:	4 5 1 
5376:	2 
5377:	1 2 1 
5378:	2 1 1 
5379:	1 5 
5380:	5 
5381:	6 1 1 1 3 
5382:	5 3 
5383:	2 
5384:	1 1 1 1 
5385:	2 
5388:	3 
539:	5 6 7 2 
5391:	1 1 1 
5392:	5 1 1 
5394:	3 
5395:	3 
5396:	2 
5397:	2 1 13 1 2 12 5 4 6 1 11 7 
5398:	12 6 2 7 3 3 2 3 
5399:	1 
54:	2 4 1 1 1 1 
540:	10 2 2 
5401:	1 
5402:	5 1 1 1 2 
5403:	1 
5406:	1 4 4 1 
5407:	1 1 
5408:	4 1 2 
5409:	4 13 
541:	1 2 
5411:	1 
5413:	1 1 2 
5414:	2 
5415:	1 
5416:	5 6 1 3 1 8 
5417:	2 4 
5418:	2 9 13 
5419:	1 3 3 
542:	2 
5420:	2 
5421:	2 2 
5422:	3 
5423:	1 2 
5426:	1 1 4 2 2 2 1 1 3 
5429:	1 1 1 
543:	2 
5430:	2 
5432:	1 2 
544:	3 
5440:	4 
5441:	2 
5442:	1 1 1 2 1 
5444:	1 
5446:	1 
5447:	2 1 2 
5448:	2 
5449:	1 1 3 2 2 1 1 1 
5451:	3 2 
5453:	7 3 6 1 6 1 
5454:	8 
5455:	3 
5456:	1 
5457:	2 3 
5458:	1 
5459:	2 1 2 4 
5460:	2 2 
5461:	2 
5462:	3 
5463:	2 1 
5465:	4 2 1 3 
5466:	1 3 1 
5467:	2 
5468:	1 2 
5469:	9 
5470:	3 1 2 1 
5471:	7 4 
5473:	3 
5474:	1 5 1 21 7 
5475:	1 3 2 5 
5476:	2 5 1 
5478:	2 
5479:	1 2 
548:	13 
5481:	1 2 2 1 3 
5484:	4 4 
5487:	1 1 
5489:	9 1 3 
549:	26 1 3 1 2 
5490:	1 
5491:	3 
5492:	1 
5493:	5 
5495:	3 
5496:	1 2 4 
5497:	1 
55:	6 1 1 1 3 1 
550:	6 3 
5500:	2 
5501:	3 4 
5502:	3 
5503:	4 4 
5506:	1 2 1 
5507:	2 1 4 
5508:	6 
5509:	1 1 
551:	3 
5511:	3 
5512:	1 
5513:	1 1 1 2 1 1 1 
5516:	9 
5518:	1 
5519:	2 2 1 1 1 
552:	3 
5520:	1 
5521:	10 
5522:	3 
5523:	4 1 1 15 14 1 1 9 
5526:	1 
5527:	1 
5528:	3 
5529:	1 
5530:	15 
5531:	3 
5532:	1 2 
5533:	3 4 
5534:	2 2 
5535:	2 
5536:	2 1 1 
5537:	1 2 
5538:	1 3 
5539:	2 3 
5540:	2 
5541:	2 3 
5543:	3 
5544:	7 1 
5545:	5 1 2 2 
5546:	7 3 5 11 8 6 1 1 2 1 1 1 1 1 1 1 1 1 
5547:	3 2 1 
5549:	2 4 
5552:	1 
5553:	1 
5554:	1 
5555:	4 8 2 3 3 2 1 3 1 2 1 2 1 
5556:	1 1 1 1 
5557:	2 
5558:	6 4 10 1 1 1 
5559:	1 
556:	3 4 
5561:	1 
5562:	5 
5563:	3 2 
5564:	1 2 5 
5565:	2 
5567:	2 4 8 14 4 1 8 
5569:	1 
557:	1 
5570:	2 1 1 
5571:	1 
5573:	2 
5574:	3 3 
5575:	1 
5576:	1 
5577:	1 
5578:	1 
5579:	2 3 1 8 3 4 
558:	2 1 5 
5581:	2 1 
5582:	4 
5585:	1 
5586:	1 
5587:	2 
5588:	1 7 
5589:	5 1 2 
5592:	2 
5594:	1 4 
5595:	2 2 
5596:	15 1 5 1 2 1 3 
5598:	3 1 1 
56:	1 
560:	2 
5600:	1 4 2 3 1 2 1 1 
5601:	9 1 
5602:	7 
5603:	1 1 
5604:	3 1 2 1 1 1 2 1 2 1 1 1 
5605:	1 
5607:	2 6 1 9 5 7 23 2 1 7 17 
5608:	1 
561:	1 
5611:	1 1 
5612:	1 
5613:	2 1 2 
5614:	1 
5615:	4 1 2 
5616:	1 2 2 
5618:	2 
5619:	2 4 1 8 3 1 
562:	2 
5622:	1 1 1 1 1 2 
5623:	6 4 1 5 10 5 12 
5625:	8 1 1 2 3 1 3 4 
5626:	2 3 4 
5628:	7 
5629:	2 
563:	1 
5630:	2 6 
5631:	7 
5632:	2 2 
5633:	2 3 4 1 4 1 5 1 1 1 1 1 1 1 1 2 
5635:	2 
5637:	1 1 2 2 3 6 
5638:	1 1 2 1 5 
564:	5 
5640:	3 3 1 8 
5642:	1 3 
5645:	3 1 
5646:	2 3 2 3 1 3 
5647:	3 
5648:	2 
5649:	2 2 2 1 1 
565:	2 
5652:	2 
5653:	2 
5655:	2 
5658:	2 2 1 1 2 1 
5659:	1 
5660:	2 1 
5661:	2 2 1 1 13 3 1 
5662:	1 1 
5663:	1 
5664:	2 5 1 
5665:	8 2 1 6 3 2 1 1 1 5 4 4 3 
5666:	1 
5667:	1 2 
5668:	2 
5669:	1 
5670:	3 16 1 
5672:	4 1 
5674:	4 
5675:	6 
5676:	2 3 
5678:	2 12 1 
5680:	3 
5681:	3 
5682:	2 
5683:	1 
5687:	1 2 2 2 1 1 2 3 2 1 5 1 
5688:	1 5 2 
5689:	3 
569:	8 1 6 
5690:	3 1 
5691:	2 1 
5692:	1 
5693:	2 
5694:	3 1 1 4 
5695:	3 
5697:	1 1 2 1 2 3 2 
5698:	3 2 2 3 
5699:	5 8 1 2 1 
57:	2 
570:	2 
5700:	7 5 2 2 10 
5701:	3 10 5 
5703:	1 
5704:	2 12 
5705:	1 1 
5706:	2 
5707:	2 1 
5708:	1 1 
5709:	2 5 2 1 2 2 2 3 1 2 2 2 1 4 
571:	1 1 
5711:	2 1 
5712:	4 5 3 4 
5714:	2 1 
5715:	3 4 
5718:	1 4 2 
5719:	2 
572:	2 
5721:	2 2 
5722:	1 5 1 
5723:	5 5 
5724:	3 
5725:	3 
5726:	1 
5727:	2 2 
5728:	2 1 1 
573:	2 5 1 1 2 
5730:	7 
5731:	2 1 7 
5733:	1 2 1 
5734:	5 
5736:	9 
5737:	4 1 
5738:	4 
5739:	2 
5740:	4 
5741:	6 
5743:	3 
5745:	3 1 2 1 2 1 1 3 1 1 1 1 1 6 
5746:	3 2 
5747:	2 1 
5748:	5 2 
5749:	5 
575:	4 1 
5752:	5 3 1 
5753:	2 3 
5754:	1 
5755:	4 1 10 1 1 7 2 
5756:	1 
5757:	1 2 1 
5758:	2 
5759:	3 5 
5766:	7 3 1 1 
5768:	6 1 
5769:	10 
577:	4 
5770:	3 
5771:	1 1 
5773:	2 
5774:	25 2 1 20 1 9 
5776:	5 3 
5777:	7 2 
5778:	2 
5779:	2 4 1 2 
578:	2 1 
5780:	1 
5781:	8 3 
5783:	1 2 1 2 1 1 1 1 1 2 1 1 1 1 1 1 2 1 1 1 1 2 1 1 2 
5784:	5 2 
5785:	1 
5786:	1 8 
5787:	12 3 1 3 2 2 1 2 
5789:	3 1 
579:	1 1 7 6 2 1 1 
5790:	3 
5791:	2 
5792:	2 
5794:	3 
5795:	3 
5796:	2 
58:	3 
5800:	1 4 
5801:	4 
5802:	3 3 
5805:	1 1 
5806:	2 3 6 1 1 
5807:	1 2 1 1 3 4 1 
5809:	1 
581:	2 
5810:	1 
5812:	1 1 1 3 
5814:	2 4 
5815:	3 
5816:	2 1 2 2 
5817:	4 
5818:	2 
5819:	2 
582:	2 1 2 1 
5820:	1 
5822:	2 
5823:	4 
5824:	1 3 6 1 1 2 3 1 9 2 1 4 1 2 2 1 3 1 1 3 2 2 4 1 2 1 2 
5826:	1 2 2 1 1 
5827:	2 
5828:	3 11 
5829:	3 1 
583:	1 2 
5830:	1 
5831:	5 1 6 5 10 
5832:	1 5 1 
5833:	2 3 
5834:	3 1 
5835:	5 
5836:	2 1 3 8 5 3 2 2 2 1 1 2 5 3 1 1 1 4 1 4 1 1 2 1 2 
5837:	2 1 2 2 1 1 1 2 
5839:	1 2 1 1 1 1 1 
5840:	2 1 1 1 1 
5841:	1 1 
5842:	3 
5844:	5 1 4 2 3 11 1 1 1 1 
5845:	3 
5846:	1 
5847:	8 10 1 2 5 2 1 2 6 
5848:	2 3 1 2 1 1 1 1 
5849:	9 6 4 1 
585:	3 
5850:	1 2 2 1 
5851:	3 1 4 3 
5853:	2 
5855:	3 1 
5856:	2 8 1 1 1 2 1 
5857:	5 
5858:	15 2 
5859:	3 
586:	3 
5860:	4 1 5 
5862:	2 
5863:	3 
5864:	1 2 
5866:	4 
5867:	2 1 
5869:	3 1 
587:	1 
5870:	4 3 1 2 1 2 1 2 
5871:	3 2 
5877:	1 
5878:	1 
5879:	6 1 
588:	1 1 1 3 2 
5881:	4 1 1 
5882:	1 2 
5883:	4 
5884:	2 
5885:	1 2 
5886:	1 3 4 
5887:	3 1 
5888:	4 
5889:	1 
5890:	4 
5891:	1 2 
5892:	5 
5893:	1 5 1 1 
5894:	1 2 1 2 
5895:	1 
5896:	1 1 
5898:	2 2 
5899:	2 3 1 
59:	1 2 
590:	9 1 2 2 2 3 2 3 
5900:	7 1 
5901:	3 1 1 1 
5902:	1 
5903:	3 
5904:	2 
5905:	5 
5906:	3 
5907:	1 
5908:	4 
5909:	2 6 3 
591:	1 1 3 3 1 
5910:	1 1 1 1 
5911:	3 
5912:	1 2 
5913:	2 2 
5914:	2 
5915:	1 
5916:	4 1 
5917:	2 5 
5920:	4 2 2 1 1 1 1 1 1 1 2 2 2 2 2 1 1 
5921:	2 4 2 2 
5922:	1 
5923:	1 2 12 
5924:	4 2 
5926:	5 
5929:	2 2 
593:	5 1 
5930:	2 1 3 1 1 
5932:	4 
5933:	1 2 
5934:	1 1 
5935:	3 
5936:	3 2 2 1 1 7 2 3 2 
5938:	2 
5941:	6 
5942:	2 2 
5943:	2 1 1 
5944:	1 2 4 2 1 2 5 2 1 2 6 2 3 2 
5945:	1 
5947:	2 
5948:	2 3 
5949:	2 1 
5951:	1 
5953:	1 2 
5955:	3 2 11 2 14 7 2 
5956:	2 
5957:	2 1 
5958:	1 4 1 1 3 2 1 6 
5959:	5 
596:	1 3 
5961:	1 3 
5962:	1 
5963:	4 6 20 3 1 1 
5964:	11 2 1 
5965:	5 
5966:	5 
5967:	3 
5968:	1 1 1 
597:	12 1 
5970:	3 2 2 4 1 1 1 2 1 1 3 4 2 1 
5971:	2 1 7 1 
5972:	28 3 
5976:	1 
5977:	1 2 
5978:	2 1 
5979:	2 5 
5980:	1 
5981:	2 
5982:	2 2 
5984:	2 
5985:	1 
5986:	1 
5987:	2 1 
5988:	3 1 
599:	2 3 4 4 1 
5990:	1 
5991:	2 2 1 3 
5992:	7 
5993:	2 
5994:	7 1 
5995:	5 
5997:	6 4 1 7 17 2 
5999:	1 
6:	1 1 2 1 1 2 
60:	1 1 1 
6000:	3 
6001:	4 
6002:	4 
6003:	3 
6004:	2 
6005:	4 5 
6006:	2 
6007:	1 2 1 1 8 23 1 
6008:	1 2 
6009:	6 4 
601:	2 
6010:	1 
6012:	2 1 1 3 4 5 13 
6013:	1 
6014:	5 
6016:	19 
6017:	2 
6018:	1 3 
6019:	4 2 
602:	4 3 3 1 
6020:	4 1 3 
6022:	2 
6023:	1 4 16 11 2 1 3 2 2 
6025:	1 4 
6026:	2 3 5 
6027:	2 1 2 1 10 6 
6028:	4 1 3 2 2 1 2 4 1 3 3 3 1 3 1 1 1 1 1 1 1 2 1 1 1 2 
6029:	1 4 4 
6030:	4 6 1 1 
6031:	7 
6032:	1 9 
6033:	1 
6034:	1 1 1 1 2 1 3 2 
6035:	7 
6036:	5 3 2 
6037:	1 
6038:	23 2 
6039:	8 
604:	2 1 1 2 1 1 1 1 1 1 2 1 
6040:	6 1 3 2 2 2 
6045:	2 
6046:	1 1 1 2 2 1 2 2 1 1 1 
6047:	5 
6048:	1 6 1 1 3 1 3 
605:	2 
6050:	1 
6052:	2 
6053:	2 2 
6054:	5 
6055:	3 
6056:	6 1 3 
6057:	1 
6058:	4 
6059:	3 4 
606:	5 
6060:	3 1 
6061:	1 10 6 
6063:	3 
6064:	1 3 1 2 1 3 
6065:	8 2 1 9 3 3 
6066:	4 1 3 2 1 
6068:	6 2 
6069:	4 1 
6071:	3 
6072:	1 1 3 3 3 
6074:	1 1 1 1 1 
6077:	2 
6078:	6 2 15 12 2 1 8 6 2 1 1 
6079:	2 
608:	12 4 4 7 1 1 
6081:	4 4 
6082:	3 
6083:	1 
6085:	3 
6086:	3 
6087:	1 1 
6088:	1 1 
609:	2 1 1 
6090:	3 4 
6092:	4 
6093:	5 
6095:	3 
6096:	2 5 
6098:	1 1 3 2 1 2 2 1 1 4 1 
6099:	4 
61:	1 5 5 
6100:	2 3 
6101:	1 
6103:	2 
6104:	1 
6105:	7 11 3 
6108:	1 
6109:	1 1 
611:	1 1 1 1 
6111:	3 3 1 
6113:	1 
6116:	3 
6117:	3 
6118:	2 
6119:	1 2 
6120:	3 1 2 1 
6121:	1 2 
6122:	3 1 
6123:	3 
6125:	2 
6126:	3 1 1 1 
6128:	2 8 8 
6129:	4 
613:	1 
6130:	3 
6131:	3 1 
6132:	2 1 
6133:	2 5 1 1 
6134:	3 
6135:	3 
6136:	3 1 1 
6137:	2 1 
6139:	1 5 
614:	6 1 
6141:	1 1 
6142:	4 1 2 2 9 6 
6145:	7 2 
6146:	3 
6148:	2 
615:	4 2 
6151:	2 
6152:	3 6 5 1 1 1 
6155:	1 
6156:	1 1 8 3 1 1 1 4 2 1 
6158:	1 1 1 
6159:	2 3 1 
6160:	5 5 1 3 
6161:	1 
6162:	3 3 2 2 4 
6164:	5 4 2 
6165:	1 1 
6167:	4 2 
6168:	3 4 
6169:	2 
617:	2 5 1 1 2 
6170:	1 1 4 1 
6171:	3 1 1 
6172:	2 
6174:	4 3 
6175:	3 17 1 2 1 7 4 1 1 1 1 1 1 1 2 1 
6176:	1 
6177:	4 4 1 
6178:	1 
6179:	2 1 2 2 
6181:	1 2 
6182:	1 2 
6183:	1 
6184:	1 
6185:	5 
6187:	1 2 1 1 
6188:	3 
6189:	2 
619:	6 3 
6190:	1 1 
6191:	1 2 
6192:	2 
6193:	1 2 
6194:	1 3 
6195:	2 2 1 4 
6197:	1 
6199:	5 1 2 4 4 2 1 
62:	8 2 
6200:	1 4 
6201:	13 5 
6202:	1 3 
6203:	5 
6205:	8 1 1 
6206:	3 2 1 
6208:	5 1 1 2 
621:	7 1 3 3 4 5 
6210:	1 1 2 5 1 1 1 
6211:	4 2 
6214:	2 
6215:	2 
6216:	1 
6217:	1 12 5 1 
622:	3 2 
6220:	3 2 2 
6221:	2 
6222:	4 
6223:	2 
6224:	2 
6225:	2 2 25 3 9 2 1 1 3 1 1 1 
6226:	1 
6227:	1 
6228:	3 
6229:	4 2 
623:	1 1 
6230:	3 
6231:	4 
6232:	1 4 
6233:	1 1 3 1 1 2 5 2 14 
6236:	1 2 
6237:	3 
6238:	1 4 4 
6239:	5 
624:	1 
6240:	3 3 
6243:	2 
6244:	9 
6245:	4 
6246:	8 4 2 2 
6247:	1 
6248:	2 
625:	1 4 3 5 1 
6251:	3 10 
6253:	3 
6254:	5 2 3 1 4 1 1 2 2 3 1 2 3 3 2 2 2 3 1 2 4 4 1 2 1 2 3 2 2 3 1 1 2 2 
6255:	6 
6256:	2 1 9 13 7 3 6 3 
6257:	1 2 1 
6258:	2 1 1 5 
6259:	1 
626:	1 
6260:	3 2 
6265:	4 1 1 1 1 2 1 2 
6266:	2 8 
6268:	4 1 1 
6269:	3 
627:	3 
6270:	3 
6271:	2 
6272:	6 
6273:	1 
6274:	5 1 
6275:	6 
6276:	5 2 
6280:	1 3 1 3 1 1 1 1 1 3 1 2 4 2 2 
6281:	1 1 
6282:	1 1 1 2 2 3 
6283:	1 1 
6284:	2 2 8 4 2 2 2 1 3 1 1 1 2 1 
6285:	11 
6286:	2 
6287:	1 1 
6288:	1 1 1 
6289:	1 1 1 1 
629:	1 4 3 1 
6290:	13 
6291:	3 1 1 4 
6292:	1 4 1 3 2 
6293:	5 
6294:	1 1 1 
6295:	1 3 
6296:	1 1 1 2 1 5 3 
6297:	6 7 1 
6298:	2 
630:	2 
6300:	2 
6301:	2 2 
6302:	5 2 9 8 6 2 1 7 3 2 
6303:	1 
6304:	2 1 
6306:	5 
6307:	1 1 1 1 
6308:	1 11 
6309:	2 1 3 1 
631:	1 3 1 
6310:	6 
6311:	5 1 2 2 4 
6312:	1 1 1 4 1 1 1 
6313:	3 8 11 1 
6314:	1 
6315:	1 
6316:	2 
6319:	5 
632:	4 1 1 1 
6320:	2 12 
6321:	2 
6325:	5 10 6 
6326:	3 
6327:	1 
6328:	1 1 4 1 1 3 1 2 2 3 2 1 
6329:	3 
633:	3 5 1 
6330:	4 2 
6333:	1 
6334:	1 
6335:	6 2 5 6 1 2 1 1 1 1 2 3 
6336:	2 
6337:	1 1 1 
6338:	4 
6339:	1 
634:	5 10 8 6 
6341:	2 
6342:	1 1 
6344:	2 
6345:	1 
6347:	2 5 1 2 4 2 15 17 3 1 1 1 3 
6348:	3 
6349:	3 
635:	2 
6351:	2 
6352:	2 
6353:	2 
6354:	1 2 1 
6355:	5 
6356:	8 5 1 1 
6357:	2 
636:	3 3 
6360:	2 3 4 5 4 3 1 
6362:	2 1 1 
6363:	6 
6364:	1 
6365:	3 1 
6366:	1 9 
6368:	6 
6369:	1 2 
6370:	1 
6371:	1 1 
6373:	5 1 4 6 13 6 5 1 21 1 3 4 1 4 1 3 2 1 2 1 2 2 
6374:	5 2 
6375:	1 
6376:	6 1 1 2 
6377:	2 8 
6379:	3 2 4 
638:	5 
6380:	2 
6381:	1 
6383:	2 
6384:	3 
6386:	3 4 1 2 
6388:	2 
6389:	3 1 
639:	4 
6390:	2 2 
6391:	2 
6392:	3 3 
6393:	2 
6395:	3 7 1 1 
6397:	2 
6398:	2 1 8 5 
6399:	2 
64:	8 4 2 
640:	3 
6400:	6 
6403:	1 1 
6404:	1 1 1 2 1 
6408:	3 1 1 
6409:	2 4 
641:	4 1 
6410:	3 
6411:	4 
6412:	4 
6413:	3 1 1 
6415:	2 2 
6416:	3 2 
6417:	15 3 
6418:	1 2 1 
6419:	1 
6422:	7 1 
6424:	4 1 1 5 8 17 
6425:	23 7 1 3 
6426:	5 
6427:	2 
6429:	3 3 
643:	3 1 8 
6431:	2 
6432:	4 6 
6433:	3 
6434:	1 
6436:	3 
6438:	3 
6440:	6 7 
6441:	1 2 3 4 1 4 1 7 1 1 2 3 2 1 1 1 2 1 1 1 1 1 1 1 2 2 
6442:	1 1 23 8 5 1 
6444:	1 1 
6448:	2 
6449:	1 1 1 1 2 3 
645:	2 1 
6450:	3 3 1 
6451:	1 1 10 1 
6452:	2 1 2 
6453:	2 2 4 1 1 
6454:	3 4 
6455:	10 1 
6456:	9 4 7 2 
6457:	1 
6459:	6 2 1 1 3 
6460:	2 
6461:	2 
6463:	4 
6464:	6 
6467:	1 4 1 2 
6469:	2 1 
647:	3 
6471:	3 3 1 
6472:	5 6 1 
6473:	2 5 5 2 
6474:	2 
6476:	1 
6477:	1 3 
6479:	1 6 
648:	1 
6480:	2 1 
6481:	2 
6482:	4 
6483:	1 4 
6484:	2 
6485:	4 
6486:	2 3 
6488:	1 
6490:	4 10 3 4 7 1 9 
6491:	4 
6492:	6 4 1 
6493:	2 
6495:	2 
6496:	4 1 1 
6497:	4 
6498:	2 3 1 1 1 2 
6499:	1 
6500:	3 3 
6501:	2 2 1 14 
6502:	8 1 
6504:	7 2 
6506:	1 12 
6507:	1 
6508:	7 
6509:	4 
6510:	2 
6511:	5 
6512:	3 1 6 
6513:	4 5 6 1 
6514:	1 
6515:	12 
6516:	1 
6517:	2 
6518:	1 1 1 15 
6519:	1 2 2 2 
652:	1 3 
6520:	1 1 5 2 
6521:	2 
6523:	1 1 
6524:	9 
6525:	1 
6526:	1 2 
6527:	2 
6528:	1 
6529:	2 
653:	4 5 3 1 5 
6530:	7 1 1 
6531:	3 2 1 1 1 1 
6533:	1 
6535:	5 2 
6536:	1 
6537:	1 
6538:	14 1 1 2 
654:	3 
6540:	2 
6541:	3 
6542:	11 10 2 1 1 1 1 1 2 2 
6544:	2 
6545:	2 1 
655:	2 
6552:	8 2 
6553:	1 4 1 5 
6556:	1 3 
6557:	7 3 2 6 
6558:	4 4 4 
6559:	1 1 
656:	1 4 1 
6561:	3 2 
6563:	2 
6565:	4 5 3 
6566:	2 
6567:	1 1 1 2 
6569:	12 
6570:	1 2 
6571:	1 
6572:	4 1 2 5 13 2 3 12 
6573:	3 
6575:	3 
6576:	2 3 1 
6577:	1 2 
6578:	1 
658:	2 1 1 
6580:	3 
6581:	1 1 1 8 1 6 2 1 
6583:	1 
6584:	3 
6585:	3 1 2 13 6 5 2 2 1 2 2 
6587:	5 5 1 1 2 1 2 1 1 2 1 1 4 2 
6588:	2 1 
6589:	2 
6590:	7 
6591:	7 3 
6593:	2 
6594:	4 2 3 2 1 
6595:	2 
6596:	1 1 
6597:	6 
6599:	8 1 3 1 
66:	1 1 2 1 7 
660:	3 
6600:	4 1 1 4 4 7 6 4 2 
6602:	3 3 
6603:	2 3 4 1 4 1 
6604:	1 
6605:	2 
6606:	4 
661:	2 3 
6610:	4 5 
6611:	2 
6612:	1 3 
6613:	2 
6615:	4 1 1 1 1 
6617:	1 
6618:	3 
662:	1 
6620:	2 
6621:	1 
6622:	1 3 
6623:	5 
6624:	3 1 
6627:	4 2 
6630:	2 3 2 3 
6631:	11 1 
6633:	2 5 
6634:	1 
6636:	3 
6638:	1 3 9 4 
6639:	2 
664:	1 
6640:	4 
6641:	1 
6642:	2 
6644:	1 1 
6645:	1 
6646:	4 
6648:	2 
6649:	3 2 1 16 3 1 4 
665:	2 
6650:	4 2 
6651:	3 4 
6652:	2 4 1 
6653:	4 
6654:	2 
6656:	1 
6657:	1 
6658:	10 1 
6659:	1 
6660:	5 1 
6661:	1 
6662:	8 1 4 
6663:	1 1 1 
6664:	2 
6665:	1 2 
6668:	2 1 
6669:	2 1 1 
6670:	3 
6671:	2 
6672:	1 2 3 
6673:	1 2 1 
6674:	3 1 
6675:	1 2 
6677:	2 8 
6678:	3 1 
6679:	2 
668:	9 1 
6680:	5 
6681:	1 4 
6682:	1 
6683:	6 10 2 17 
6686:	3 2 
6687:	1 
6688:	4 
6689:	1 1 
6690:	2 1 4 1 1 1 
6691:	1 2 3 
6692:	9 
6693:	7 
6694:	2 2 1 
6696:	4 
6698:	5 1 2 
67:	1 1 
670:	2 1 2 
6700:	5 
6701:	10 
6703:	1 
6704:	5 1 
6705:	8 3 
6706:	5 4 1 3 2 1 4 
6708:	4 
6709:	3 
671:	2 2 7 9 
6711:	2 
6712:	2 1 2 1 1 5 1 2 
6713:	1 
6714:	1 
6716:	1 2 3 2 3 2 1 4 
6717:	1 
6718:	1 4 
6719:	2 1 
672:	1 2 
6720:	7 9 12 1 1 3 1 1 1 1 1 3 1 1 1 2 3 2 1 3 5 
6721:	3 2 
6722:	2 7 3 8 1 2 3 1 1 1 2 
6723:	2 4 
6725:	5 
6726:	1 
6727:	4 
6728:	1 1 2 1 2 2 
6729:	2 
673:	2 1 1 
6732:	1 
6733:	2 
6734:	5 
6736:	4 10 
6737:	1 1 
6739:	1 1 
6740:	1 2 
6741:	1 1 
6742:	3 1 2 
6744:	3 7 
6745:	4 
6746:	7 1 6 
6748:	5 
6749:	1 
6750:	9 2 
6752:	5 1 1 3 2 1 1 
6753:	1 1 1 
6754:	1 
6755:	5 
6756:	3 2 
6757:	3 3 
6758:	1 4 1 
676:	5 
6760:	3 
6762:	1 
6763:	3 
6764:	2 1 
6767:	2 
6771:	1 1 
6773:	2 
6774:	1 3 
6775:	1 2 
6776:	2 9 3 1 3 1 1 3 
6777:	4 
6778:	5 
6780:	4 1 
6781:	5 
6782:	1 2 2 3 7 1 1 1 2 
6783:	1 1 2 
6784:	6 1 2 
6786:	1 1 1 1 
6787:	12 3 
6788:	2 1 
6791:	1 2 1 3 2 4 
6792:	1 1 1 1 2 1 2 2 
6794:	1 1 15 5 
6795:	4 1 2 1 1 2 5 1 
6796:	2 
6797:	2 
6798:	1 
6799:	16 5 2 1 4 
6800:	1 
6801:	1 
6802:	2 4 5 
6804:	6 1 1 1 4 4 1 1 2 1 1 2 5 1 1 
6806:	2 2 
6807:	3 
6808:	1 3 
6809:	1 1 2 
6810:	7 
6811:	1 1 
6812:	5 
6814:	3 
6817:	1 5 1 3 
6818:	9 
6819:	5 
682:	4 
6824:	9 
6825:	2 
6826:	2 
6827:	11 
6828:	3 
6830:	1 2 
6831:	1 
6832:	1 
6834:	7 2 2 10 4 6 3 
6835:	1 3 2 3 1 
6836:	1 1 
6838:	1 1 2 7 
6841:	1 1 
6843:	4 1 
6844:	1 1 5 1 2 1 2 2 1 1 1 1 1 2 
6846:	1 
6847:	4 
6849:	4 
685:	5 2 2 2 1 2 4 2 1 1 1 
6850:	6 
6851:	4 1 
6853:	2 2 2 
6854:	5 1 3 2 
6855:	2 6 
6856:	3 1 
6858:	2 
686:	8 
6860:	2 
6861:	4 
6862:	4 
6863:	6 
6864:	7 
6866:	4 
6867:	2 
6868:	1 
6869:	1 
687:	3 1 
6871:	1 
6872:	3 
6873:	1 
6874:	3 3 4 8 
6875:	4 1 2 2 
6876:	4 3 1 5 
6877:	3 3 1 5 2 1 2 1 4 3 1 1 1 3 4 
6878:	3 14 6 
6879:	1 
688:	1 
6880:	3 
6881:	2 
6882:	1 4 
6883:	2 4 3 2 
6884:	1 
6885:	2 1 
6886:	1 3 10 2 6 8 1 1 3 3 2 1 4 1 1 1 4 1 1 3 
6887:	8 
6888:	1 
689:	1 
6890:	4 1 2 1 
6891:	2 1 
6894:	5 3 
6896:	2 
6897:	2 1 1 1 2 
6898:	7 
690:	17 3 8 1 
6900:	3 1 4 1 
6901:	1 
6902:	5 
6903:	2 
6904:	5 3 
6905:	3 1 1 2 
6906:	4 
6907:	8 4 2 2 1 3 1 1 2 2 5 5 1 1 1 1 2 2 1 2 1 1 1 1 2 1 1 
6908:	1 
6909:	12 3 11 17 1 1 5 10 3 2 1 1 1 1 1 3 
691:	5 
6910:	2 1 
6912:	1 
6913:	1 
6914:	3 3 
6915:	4 2 
6916:	2 2 
6918:	2 
6921:	4 
6922:	2 2 
6924:	2 
6925:	5 
6927:	1 
6928:	9 7 5 3 5 6 1 2 2 1 1 1 3 
693:	3 
6930:	1 1 2 
6931:	2 
6932:	1 1 3 1 
6933:	6 1 4 4 
6934:	5 1 3 
6935:	6 
6936:	1 
6937:	4 
6938:	3 1 
6939:	3 
6940:	1 1 2 
6941:	1 2 
6943:	1 
6944:	2 
6945:	1 12 7 5 1 6 2 2 2 3 1 1 2 2 1 
6946:	3 6 1 1 1 4 1 
6947:	2 3 1 2 
6948:	2 1 
6949:	3 
695:	1 
6950:	1 1 4 2 
6951:	1 
6952:	5 
6955:	3 4 3 2 4 1 2 2 
6957:	3 
6958:	8 1 2 
696:	2 1 
6961:	1 2 11 2 1 1 1 1 3 1 2 1 
6962:	4 1 4 4 10 6 
6963:	1 1 3 
6964:	1 
6965:	2 
6966:	2 1 1 1 2 1 1 1 1 2 1 1 1 1 1 1 
6968:	2 6 6 8 
6969:	2 
6971:	5 
6972:	1 
6973:	4 2 9 
6975:	1 1 1 3 3 1 
6977:	4 
6978:	5 
6980:	4 2 10 1 2 
6981:	3 
6982:	1 
6983:	5 2 3 1 1 2 
6984:	2 
6988:	1 1 
6989:	3 
6990:	3 
6991:	2 4 2 5 2 
6992:	1 
6993:	1 2 2 
6995:	2 1 2 1 2 2 2 3 2 1 1 1 1 
6996:	4 3 
6997:	1 2 3 4 2 3 5 
6998:	5 1 2 1 6 3 2 5 1 
6999:	1 
7000:	1 1 
7001:	8 
7002:	3 9 1 3 18 1 6 
7004:	1 1 1 1 2 1 1 2 
7006:	2 
7008:	3 
701:	1 2 3 
7011:	4 3 1 7 1 1 2 
7013:	2 2 
7015:	3 3 2 
7016:	4 1 6 1 5 
7017:	1 
7018:	1 1 
7020:	13 9 
7021:	5 1 1 1 1 2 3 1 2 
7022:	1 4 
7023:	2 
7024:	1 1 
7026:	2 1 1 15 1 1 1 2 1 1 2 3 4 
7027:	11 
7028:	1 8 1 
7029:	4 
7031:	1 
7032:	3 
7033:	2 2 
7034:	5 3 
7038:	5 
7039:	8 
7040:	3 
7041:	2 1 1 
7042:	1 12 2 2 
7043:	3 3 
7045:	1 1 
7046:	3 4 5 
7047:	4 3 
7048:	5 2 
7049:	2 1 
705:	2 10 
7051:	1 
7053:	7 3 
7054:	3 
7055:	3 
7056:	4 3 4 3 3 
7057:	2 1 
7059:	1 1 21 
706:	3 4 
7060:	5 3 
7062:	3 
7063:	1 4 3 9 8 1 1 5 3 9 8 7 1 1 2 1 2 1 2 2 1 1 2 
7064:	2 2 1 5 1 1 1 1 2 1 
7065:	1 7 1 2 5 1 1 
7066:	2 
7067:	1 1 
7068:	4 
707:	3 
7070:	1 2 3 13 
7071:	4 5 
7072:	7 1 1 
7073:	4 
7075:	1 
7076:	2 
7078:	1 
7079:	1 3 
708:	1 
7080:	3 4 3 1 4 1 
7081:	3 
7082:	3 
7084:	2 
7085:	2 
7086:	2 
7088:	3 
7089:	2 
7090:	5 
7091:	8 
7092:	1 2 
7093:	3 1 4 
7094:	1 
7095:	3 1 2 
7096:	1 6 
7097:	1 2 2 1 
7098:	1 
7099:	3 
71:	6 
710:	7 
7100:	6 4 1 1 1 
7101:	2 
7102:	2 
7103:	2 1 
7104:	2 1 5 1 3 1 2 
7106:	2 
7107:	8 5 2 
7108:	1 3 4 
7109:	2 1 
711:	2 2 3 
7110:	2 1 2 1 1 1 1 
7111:	1 5 5 1 2 2 1 2 1 1 
7112:	2 2 
7113:	9 
7115:	3 1 
7116:	3 
7117:	5 
712:	7 8 1 
7120:	1 
7122:	6 
7123:	4 3 2 1 9 
7124:	1 
7125:	1 
7129:	2 1 
713:	4 2 
7130:	1 2 
7131:	3 
7132:	1 
7133:	4 2 6 2 1 1 1 2 3 1 2 2 1 3 3 
7134:	2 1 
7136:	1 7 1 3 6 2 5 3 1 1 
7139:	3 
714:	1 2 
7140:	1 
7142:	4 1 
7143:	7 
7145:	3 1 
7146:	2 1 
7147:	1 1 
7148:	1 
7150:	1 
7151:	1 
7152:	1 
7153:	5 2 
7154:	3 
7155:	1 1 
7156:	2 4 
7157:	3 
7158:	1 5 1 3 10 1 2 2 1 2 1 4 
7159:	1 
7160:	2 5 4 
7161:	2 2 1 1 1 
7162:	5 
7163:	6 
7165:	1 
7166:	3 
7168:	1 1 4 4 10 5 4 5 2 
7169:	3 2 1 1 1 2 1 2 1 1 2 1 1 2 2 1 1 
717:	3 
7170:	2 1 
7171:	2 21 2 2 1 1 
7172:	4 
7175:	3 2 2 2 
7176:	2 
7177:	10 8 1 10 5 5 
7178:	4 1 
7179:	6 6 
7180:	6 
7181:	1 3 1 1 4 
7182:	2 
7183:	1 
7186:	9 1 1 2 2 1 2 1 1 1 
7187:	2 1 
7188:	2 1 10 1 4 1 2 5 1 3 
7189:	1 
7190:	4 
7191:	1 3 
7194:	1 
7196:	1 1 
7197:	6 
72:	1 
720:	4 
7200:	6 2 1 
7201:	1 2 4 
7202:	1 5 
7203:	5 1 8 15 5 
7204:	1 3 3 1 2 
7206:	1 1 
7208:	2 3 
721:	5 1 1 1 1 1 1 4 6 9 7 
7210:	1 2 1 1 
7211:	4 3 
7212:	3 
7213:	3 8 
7214:	4 5 
7216:	1 
7217:	6 
7218:	3 
7220:	2 3 1 1 
7221:	1 2 1 
7222:	4 2 
7224:	1 
7228:	8 5 3 3 1 2 
7229:	2 
723:	6 
7230:	2 
7231:	2 3 5 
7232:	2 
7233:	1 
7234:	1 
7235:	2 6 2 
7236:	2 
7239:	4 6 
724:	7 1 4 1 7 
7240:	4 
7241:	3 
7243:	1 3 4 1 1 1 1 1 
7244:	4 1 
7245:	1 1 4 2 
7247:	2 
7248:	8 1 
7249:	7 
725:	24 1 1 1 
7250:	1 
7251:	1 
7252:	1 
7253:	1 2 2 1 
7254:	1 
7255:	3 
7256:	4 
7257:	1 4 4 3 1 2 2 
7259:	2 
7260:	12 2 
7262:	3 3 5 1 1 5 1 2 4 3 3 2 
7263:	8 
7265:	1 2 1 1 
7266:	2 
7267:	2 
7268:	2 1 1 2 1 3 
7269:	1 1 18 
7270:	1 
7273:	12 2 12 6 1 1 1 1 1 1 2 5 
7274:	3 4 
7276:	6 1 1 11 
7277:	1 2 3 1 
7278:	1 
7279:	6 
728:	1 
7282:	4 
7283:	1 
7284:	1 
7285:	1 
7286:	6 1 1 
729:	1 1 1 1 1 3 5 2 2 1 1 1 2 1 1 8 
7290:	1 2 5 6 6 8 2 1 
7291:	2 
7292:	1 1 
7294:	1 1 1 
7297:	1 1 8 12 17 3 
7298:	1 1 1 
7299:	1 
73:	1 
730:	1 1 3 1 2 1 
7300:	1 2 
7301:	3 
7302:	2 1 
7303:	12 4 
7307:	6 1 16 
7308:	6 3 
7309:	1 
731:	5 
7311:	1 
7313:	1 
7314:	3 1 
7315:	5 
7316:	3 1 
7317:	2 1 1 
7319:	1 
7321:	3 1 2 
7322:	1 1 
7323:	3 
7324:	1 
7326:	3 1 
7327:	4 8 1 7 4 
7328:	1 
7329:	5 
7330:	1 
7331:	7 3 
7332:	1 3 
7333:	7 4 3 7 2 1 
7334:	3 1 
7335:	2 
7336:	1 
7337:	1 
7338:	1 
7339:	2 
734:	2 4 1 
7340:	1 
7342:	1 
7343:	3 1 
7344:	2 1 
7345:	4 1 4 3 1 
7346:	1 
7347:	2 1 2 1 2 2 
7348:	6 2 
7349:	2 
735:	22 4 
7350:	4 2 3 
7351:	5 
7352:	1 
7353:	4 2 
7354:	4 3 2 4 3 1 5 1 1 1 3 2 2 1 1 1 2 1 1 1 2 2 1 2 
7355:	5 1 2 
7357:	3 6 5 1 1 
7358:	2 3 
7359:	2 
736:	1 3 
7360:	1 6 
7361:	5 1 
7362:	3 
7363:	1 
7364:	1 1 
7365:	5 
7366:	2 3 
7367:	2 2 
7368:	1 
737:	1 
7370:	2 
7371:	1 1 
7372:	1 2 
7374:	11 1 1 2 1 7 2 3 3 2 6 2 1 3 3 1 1 5 2 
7376:	2 
7377:	1 
7378:	1 1 1 1 4 
7379:	4 4 1 3 4 1 1 
738:	1 3 18 
7380:	3 1 
7381:	4 
7383:	4 1 1 1 1 1 2 
7385:	3 3 1 
7387:	5 
7388:	4 
7389:	5 4 
739:	6 
7390:	2 
7391:	4 
7392:	18 5 1 1 2 6 3 
7393:	4 1 1 5 
7394:	1 5 
7396:	1 1 2 
7397:	8 
7398:	1 3 2 5 1 1 1 1 1 2 
7399:	3 
74:	8 3 2 
7402:	1 1 1 5 
7403:	1 2 
7404:	4 1 1 1 17 1 1 1 2 2 2 
7405:	3 
7406:	1 1 
7408:	5 2 
7409:	2 
7410:	1 10 2 
7411:	5 
7412:	4 2 
7414:	4 
7415:	15 2 3 5 5 2 
7417:	2 1 1 1 
7419:	3 
742:	6 4 2 2 1 1 
7420:	1 1 
7421:	4 
7424:	4 
7425:	2 2 
743:	3 1 1 1 2 1 1 1 4 1 1 3 3 1 1 1 1 2 1 1 2 
7431:	7 
7433:	1 
7434:	1 
7435:	6 2 5 6 17 
7436:	3 
7437:	2 1 5 1 6 1 1 2 1 2 1 1 2 2 2 3 2 4 2 2 
7438:	1 1 
744:	4 3 9 
7440:	1 
7442:	2 3 4 
7443:	5 
7444:	4 
7445:	2 1 4 3 1 1 1 
7446:	1 
7448:	3 
7449:	5 14 
745:	4 
7450:	2 3 
7452:	1 
7453:	2 1 2 4 4 5 
7455:	2 1 
7456:	2 1 1 2 
746:	1 1 1 1 1 1 1 2 1 1 1 1 1 2 1 
7461:	5 
7463:	2 
7464:	1 
7465:	1 5 4 
7467:	5 2 
7468:	2 
7469:	1 2 
747:	1 3 1 1 
7470:	3 
7471:	1 1 2 2 6 
7472:	3 
7473:	9 5 1 1 
7475:	5 
7479:	3 
748:	1 
7480:	1 
7481:	1 
7483:	1 1 
7485:	3 
7486:	4 1 3 3 3 1 1 
7488:	6 
7489:	6 24 6 17 
749:	4 6 5 
7490:	1 4 3 4 1 2 2 2 
7491:	4 5 2 
7492:	2 
7493:	1 1 
7495:	2 
7496:	6 2 
7499:	2 
75:	1 2 
7500:	2 1 2 
7501:	2 
7502:	3 1 1 3 1 3 1 1 4 1 1 2 3 
7503:	1 
7504:	1 4 3 
7505:	2 2 
7506:	3 
751:	2 5 1 1 
7510:	1 
7511:	1 
7513:	1 4 1 15 10 
7517:	2 
752:	4 
7521:	4 2 1 1 2 
7522:	5 
7523:	3 1 7 7 1 1 1 1 3 
7524:	2 
7525:	2 3 1 
753:	1 9 6 7 4 1 1 2 1 1 2 
7530:	6 
7531:	9 
7532:	5 1 8 
7533:	2 3 
7534:	1 2 
7535:	3 
7536:	4 
7537:	1 1 1 2 
7541:	4 
7543:	2 2 1 3 
7544:	2 
7545:	1 4 
7546:	2 1 1 2 18 11 1 2 
7547:	4 4 5 5 1 2 1 1 1 
7548:	4 1 2 1 
7549:	3 
755:	5 2 2 1 1 
7551:	1 
7556:	3 
7557:	3 
7558:	5 
7559:	2 
756:	3 2 1 1 1 
7560:	5 5 2 
7561:	1 6 1 1 6 5 1 1 6 11 
7565:	3 
7567:	3 1 
7568:	7 1 6 
7569:	2 
7570:	2 1 
7571:	1 1 
7574:	1 
7575:	6 1 
7576:	1 2 
7577:	1 1 
7578:	2 
7579:	1 
758:	1 3 
7580:	2 
7581:	1 2 3 4 3 
7582:	2 1 
7583:	1 1 
7585:	3 8 3 10 
7586:	1 6 2 
7587:	1 
759:	4 2 5 1 2 
7593:	1 3 6 7 1 
7594:	3 
7595:	1 4 6 5 1 1 
7596:	2 
7598:	9 2 
7599:	2 3 
76:	2 
7600:	3 1 1 3 
7601:	2 
7602:	2 1 2 1 1 
7603:	1 
7604:	9 3 
7605:	15 2 1 3 2 1 1 1 6 
7606:	4 1 1 
7607:	8 3 
7609:	1 
761:	8 
7610:	1 2 1 3 1 1 3 
7611:	2 1 3 
7612:	2 
7615:	2 3 4 2 
7617:	5 3 
7618:	1 7 2 4 
7619:	6 
762:	5 
7621:	5 3 1 
7623:	8 1 
7625:	1 1 
7626:	1 2 1 
7628:	3 
763:	6 1 8 2 1 2 3 1 2 1 1 1 1 1 
7630:	1 3 3 8 2 1 
7631:	1 5 11 
7632:	3 2 10 10 
7633:	1 2 
7634:	1 1 
7635:	3 1 
7636:	3 
7638:	3 
7639:	1 
764:	2 
7640:	1 2 
7641:	4 
7642:	2 5 
7643:	2 1 1 1 
7644:	1 2 
7645:	19 1 3 2 2 1 1 1 1 1 
7646:	3 1 1 1 1 1 3 1 4 4 
7647:	10 6 
765:	2 3 
7650:	3 
7652:	2 1 2 
7654:	5 
7656:	4 4 10 
766:	1 
7663:	8 
7664:	4 
7665:	4 
7666:	1 2 
7670:	4 
7671:	1 
7672:	1 
7673:	1 2 2 1 2 3 1 
7674:	5 
7675:	1 2 
7676:	2 4 1 
7677:	4 1 4 
7678:	2 5 
7679:	4 
768:	3 
7680:	4 
7681:	2 5 
7682:	5 
7685:	1 
7686:	2 
769:	3 
7690:	1 2 2 
7692:	1 4 5 4 
7693:	5 
7695:	3 
7697:	2 14 18 
7698:	3 3 3 2 
7699:	1 1 
77:	2 2 6 4 1 
7700:	1 1 5 
7703:	4 4 1 2 
7704:	3 
7705:	4 
771:	3 
7716:	3 2 1 2 1 1 
7717:	1 2 
7718:	4 
7719:	6 
7720:	1 6 
7721:	1 
7722:	1 
7723:	2 1 3 
7724:	3 1 1 1 
7727:	2 
7728:	1 1 2 1 
773:	2 
7730:	3 
7731:	2 
7732:	3 2 1 
7733:	3 
7734:	4 
7735:	3 1 1 1 
7736:	2 14 4 7 
7737:	3 3 5 1 
7739:	1 
774:	2 18 
7740:	5 2 1 1 8 4 11 5 2 
7741:	3 
7742:	3 5 
7744:	5 
7745:	2 3 
7747:	8 1 3 1 
7749:	6 
7751:	2 4 
7752:	3 
7753:	4 
7754:	1 
7755:	1 1 1 
7757:	4 1 
7759:	6 
7760:	2 
7762:	3 
7763:	18 9 
7764:	3 
7765:	2 
7767:	2 1 
7768:	4 1 1 2 2 2 
7769:	2 8 4 
779:	2 
7792:	2 
7795:	3 15 20 1 
7796:	3 
7797:	1 1 1 1 1 7 2 8 
7798:	1 2 2 1 2 
7799:	1 3 1 1 2 1 4 
78:	2 
780:	1 1 
7800:	2 1 2 1 1 
7801:	1 2 
7802:	6 
7803:	6 1 
7804:	3 
7805:	1 
7806:	8 
7807:	1 4 2 
7808:	2 
7809:	1 1 
781:	3 1 1 2 1 
7812:	3 2 1 1 
7813:	3 2 3 1 
7814:	1 3 2 
7815:	3 1 
7816:	1 
7817:	4 
7818:	2 
7819:	1 
782:	2 1 1 
7820:	4 
7821:	2 
7822:	1 4 
7823:	4 
7824:	11 9 1 
7825:	4 
7826:	3 
7827:	1 2 1 1 
7828:	2 
7829:	2 
783:	3 1 1 
7830:	1 2 2 1 1 4 
7831:	2 4 
7832:	1 
7833:	1 1 
7834:	2 3 3 
7835:	1 2 1 2 5 5 
7836:	1 
7837:	1 
7838:	2 4 1 1 3 
7839:	2 1 2 
784:	1 
7841:	1 
7842:	4 3 1 5 2 4 1 3 1 4 2 3 
7844:	2 1 1 
7845:	2 1 2 
7846:	7 
7847:	3 2 
785:	2 3 
7851:	4 
7852:	2 8 
7853:	4 
7854:	1 7 
7855:	3 1 
7856:	2 
7858:	2 1 2 1 
786:	2 1 
7860:	4 1 4 2 
7861:	1 2 1 2 1 2 
7862:	6 1 1 2 1 1 1 1 2 1 2 1 
7863:	8 1 1 1 1 1 1 2 1 4 2 
7864:	3 
7865:	1 
7866:	1 
7868:	1 
7869:	2 1 
787:	3 3 
7872:	1 1 
7873:	8 5 6 
7875:	1 2 3 3 
7876:	1 1 1 
7877:	1 
7878:	1 
7879:	1 3 
788:	2 4 5 
7880:	2 
7881:	1 1 3 1 1 1 1 1 1 1 1 1 2 4 
7882:	1 2 
7883:	3 
7884:	8 4 
7885:	2 2 
7886:	1 1 
7887:	1 2 1 1 1 
7888:	3 2 
7889:	2 1 
789:	5 
7890:	2 
7891:	2 1 2 
7893:	1 2 2 
7894:	1 1 
7895:	1 6 
7896:	1 1 
7897:	1 
7898:	3 1 
7899:	1 2 
79:	3 
790:	2 1 2 
7900:	2 2 6 1 2 
7902:	2 
7904:	1 3 
7905:	12 1 1 
7907:	4 
7909:	3 4 
791:	3 1 1 1 1 
7910:	4 
7913:	9 5 1 1 
7915:	1 5 2 2 4 2 4 1 1 1 1 
7917:	4 
7918:	2 1 2 7 2 2 2 
792:	2 1 5 2 3 2 1 1 1 
7920:	3 2 1 1 2 2 
7921:	1 
7922:	1 1 1 
7923:	1 
7924:	4 1 
7926:	4 1 
7927:	1 
7928:	8 
7929:	1 1 1 
793:	10 21 1 
7930:	4 5 1 2 1 
7931:	1 
7932:	1 1 1 1 5 3 
7933:	4 5 29 
7934:	2 3 1 1 
7935:	5 3 1 1 
7936:	3 1 1 
7937:	4 
7938:	3 
7939:	2 1 
794:	1 2 2 1 2 
7940:	3 1 3 2 
7941:	5 
7942:	1 1 
7943:	2 3 2 4 
7944:	2 1 
7946:	1 2 1 1 
7947:	5 
7948:	1 
7949:	5 1 2 
7951:	1 
7953:	4 2 4 3 
7954:	19 5 5 2 1 4 2 1 4 1 2 
7955:	3 
7956:	1 1 1 
7957:	2 1 
7958:	1 1 
7959:	3 
796:	2 
7960:	2 
7961:	2 5 1 3 
7962:	2 
7963:	1 5 3 13 
7964:	1 3 2 1 
7965:	2 1 2 1 2 1 
7966:	3 
7969:	1 5 
7971:	4 1 
7973:	6 
7974:	8 
7975:	2 1 
7976:	4 5 4 17 3 5 2 1 1 
7977:	3 6 
7978:	1 2 2 2 1 
7979:	1 1 
798:	5 
7980:	5 
7981:	2 1 
7982:	2 
7983:	1 3 
7984:	2 
7985:	1 3 3 3 
7986:	1 1 
7987:	6 3 
7989:	2 
799:	4 
7991:	3 
7992:	9 2 1 1 1 1 1 2 1 3 1 2 2 1 4 1 
7993:	1 1 
7996:	3 
7997:	1 1 
7999:	1 1 
8:	2 
80:	3 2 1 8 4 
800:	1 1 1 
8000:	1 
8001:	1 
8002:	1 
8003:	1 1 3 2 1 
8004:	4 
8005:	1 
8008:	3 3 
8009:	6 5 
801:	1 
8012:	2 3 
8013:	2 
8014:	4 3 13 1 
8016:	1 
802:	3 2 1 1 11 
8021:	2 2 2 2 2 1 2 
8022:	2 1 17 1 1 2 2 
8024:	2 
8025:	1 
8027:	15 
8029:	1 1 
803:	2 
8030:	4 
8031:	2 1 
8033:	6 
8034:	1 
8035:	4 6 1 1 4 3 7 
8036:	4 
8037:	1 
8038:	1 3 
8039:	6 7 1 
8041:	1 1 1 2 
8042:	2 
8043:	3 1 1 1 1 1 2 1 1 1 4 2 3 2 4 2 2 2 7 1 1 4 1 1 2 1 1 1 1 2 11 7 3 
8044:	5 2 1 1 1 2 1 1 1 1 3 2 1 3 1 5 
8045:	7 2 5 23 1 5 12 2 1 2 1 3 4 4 4 
8048:	1 1 
8049:	3 1 1 1 1 1 
805:	5 
8052:	3 1 1 
8056:	2 6 
8058:	1 2 1 3 
8059:	3 1 2 
806:	5 2 
8060:	2 
8061:	2 2 
8062:	1 
8063:	2 
8064:	2 2 1 1 
8065:	5 
8066:	2 1 10 
8067:	1 3 1 2 3 1 3 
8068:	3 
8069:	7 1 1 1 1 1 5 
8070:	1 1 
8071:	1 
8072:	2 6 
8074:	1 
8075:	1 
8076:	4 1 
8077:	1 
8078:	2 1 2 
808:	1 2 1 1 4 5 1 1 4 3 1 1 1 6 2 3 1 
8081:	9 
8083:	2 1 2 1 
8086:	2 3 
8089:	2 
8091:	5 1 
8092:	1 
8094:	2 1 2 1 2 2 1 1 
8095:	1 1 
8096:	5 
8099:	5 15 1 1 
810:	5 1 
8100:	4 
8101:	1 
8105:	7 2 3 
8108:	2 3 1 2 4 
811:	1 1 1 
8110:	1 
8113:	4 
8114:	5 
8115:	2 5 
8116:	5 1 
8117:	10 2 
8118:	4 
812:	3 3 
8120:	1 1 
8123:	1 2 2 1 1 1 
8125:	2 
8127:	1 1 
8128:	7 3 4 
813:	2 1 
8130:	8 
8131:	6 1 1 1 
8133:	8 2 2 1 
8135:	1 1 1 3 
8136:	1 
8137:	5 1 2 3 1 9 6 15 1 
8138:	2 4 2 1 
814:	3 1 
8140:	3 2 
8142:	3 
8143:	1 
815:	3 
8153:	9 
8154:	3 
8155:	1 3 
8157:	1 1 
8163:	3 2 5 
8164:	2 
8165:	3 
8166:	3 3 
8167:	3 1 1 
8169:	1 3 
8170:	4 
8171:	4 1 
8172:	3 
8173:	1 
8174:	1 1 1 
8175:	2 
8176:	3 3 1 
8177:	4 2 1 
8178:	3 
8179:	19 2 2 4 2 1 2 1 2 1 1 2 2 
818:	3 10 1 5 1 3 1 1 
8180:	3 
8181:	2 
8182:	5 
8183:	6 
8184:	2 
819:	1 3 1 3 
82:	1 
8206:	1 
8208:	1 
8209:	2 
8210:	1 
8211:	1 2 
8212:	2 6 2 1 1 1 6 
8213:	1 3 1 1 2 1 
8214:	3 2 
8215:	1 1 
8216:	3 2 
8217:	2 
8219:	2 
822:	1 1 5 3 3 
8220:	2 2 1 
8221:	2 4 2 23 1 21 1 1 6 
8222:	2 
8223:	1 3 
8224:	11 1 
8226:	1 
8227:	1 
8228:	1 1 1 4 8 
8229:	3 
823:	4 2 
8230:	1 2 
8231:	6 1 2 1 
8232:	4 
8233:	1 2 7 11 
8234:	1 1 2 2 3 
8235:	1 
8236:	1 1 6 
8237:	4 1 1 3 1 1 2 1 1 
8238:	5 
8239:	4 3 
824:	2 1 
8240:	1 
8241:	5 
8242:	6 1 
8243:	1 
8245:	2 
8246:	18 6 20 1 10 6 4 16 1 1 1 
8247:	3 
8248:	1 3 
8250:	3 26 10 17 4 
8251:	4 
8252:	1 
8253:	6 
8255:	2 2 2 2 2 
8256:	2 
8257:	2 
8258:	3 1 
8259:	6 5 1 1 1 
826:	12 8 
8260:	1 3 
8261:	1 
8262:	7 1 3 1 6 1 1 2 7 1 5 1 2 1 
8263:	5 
8264:	1 
8265:	2 4 
8266:	6 
8267:	4 
8268:	4 2 
8269:	2 
8270:	3 1 
8272:	1 2 
8273:	4 
8274:	6 30 10 
8275:	2 3 1 1 1 1 1 2 1 
8276:	6 1 
8277:	5 1 
8278:	1 
8279:	5 
828:	2 
8280:	6 2 
8281:	3 2 1 
8282:	1 
8283:	3 
8284:	1 12 
8286:	1 1 
8287:	2 4 1 2 2 2 4 2 
8293:	3 1 2 1 2 4 7 1 8 2 1 1 1 2 1 1 1 1 2 
8296:	3 1 
8297:	3 3 
830:	3 2 
8300:	2 
8301:	6 1 4 
8302:	5 
8307:	1 
8308:	4 
8309:	3 
831:	1 1 1 
8310:	3 2 
8311:	1 4 8 3 1 
8317:	5 
8319:	1 1 2 2 
832:	6 1 4 1 
8320:	8 
8321:	5 10 5 
8322:	2 2 1 7 1 1 4 
8323:	6 3 6 2 
8324:	4 1 2 
8325:	4 
8326:	1 
8327:	3 2 
8328:	2 
8329:	5 
833:	1 1 1 
8330:	5 
8331:	11 24 6 4 5 3 1 3 
8332:	5 1 
8333:	4 1 1 1 1 1 1 1 1 1 1 1 4 1 3 1 1 2 1 
8334:	1 
8335:	2 
8336:	2 
8338:	3 
8339:	7 7 1 1 1 1 1 1 
834:	1 1 14 1 
8340:	4 
8341:	2 1 
8342:	1 
8343:	1 3 
8346:	2 
8347:	1 5 1 2 2 
8349:	5 3 
835:	2 
8350:	5 1 11 6 10 1 1 6 
8351:	5 
8352:	2 1 1 
8353:	3 12 16 8 1 7 3 
8354:	5 
8357:	2 
8358:	4 6 4 
8359:	2 
8360:	6 
8361:	2 1 
8362:	1 
8363:	1 
8364:	7 
8366:	3 
8367:	1 
837:	2 
8370:	2 3 1 1 1 1 
8371:	5 6 3 8 
8372:	2 1 2 10 1 
8373:	2 
8374:	2 2 
8375:	3 7 2 2 1 1 1 2 5 1 2 1 1 1 
8377:	3 
8378:	2 
838:	2 
8380:	2 
8381:	1 9 
8382:	1 1 1 4 3 10 3 13 6 
8383:	7 
8386:	2 
8388:	2 2 
8389:	1 
8390:	1 
8391:	3 
8392:	1 1 
8393:	1 1 
8394:	2 
8395:	4 
8396:	5 2 
8397:	2 
8398:	1 
8399:	5 
84:	1 
8400:	1 1 
8401:	3 2 
8402:	2 
8403:	1 
8404:	3 
8405:	1 2 21 2 10 
8406:	2 1 
8407:	5 1 
8410:	1 1 5 
8411:	2 1 1 1 1 
8412:	2 
8414:	2 
8415:	1 2 1 2 3 1 1 1 1 
8416:	1 1 2 
8417:	1 2 
842:	2 
8420:	2 
8421:	3 1 
8422:	3 
8424:	1 1 4 2 5 1 1 11 7 5 
8425:	1 1 1 1 
8426:	3 
8428:	4 
8429:	5 4 2 
843:	2 
8432:	6 3 
8433:	2 
8435:	2 1 3 
8436:	2 4 
8437:	1 
8438:	1 1 
8439:	1 
844:	1 3 
8440:	3 2 
8441:	4 4 3 1 1 3 
8443:	1 
8444:	2 2 
8445:	3 
8446:	2 
8449:	1 3 3 2 1 1 2 2 9 
845:	3 
8453:	7 2 5 
8455:	2 8 10 8 1 
8456:	2 
8457:	3 
8458:	5 6 
846:	2 1 8 2 
8461:	2 1 1 
8462:	8 4 
8463:	1 3 
8465:	4 
8466:	3 
8467:	5 
8468:	1 5 1 1 2 1 1 3 
8469:	4 3 1 1 1 4 1 1 1 1 2 1 2 1 2 3 6 5 1 1 1 2 1 1 1 3 
847:	1 
8470:	1 
8473:	1 
8474:	1 3 
8475:	3 
8478:	7 1 
8480:	4 1 1 5 2 1 5 1 2 1 5 2 4 1 1 3 2 1 4 4 2 
8481:	3 
8483:	2 1 2 2 1 
8484:	8 
8485:	3 1 
8487:	1 
8488:	3 2 1 2 
8489:	5 
8490:	1 3 
8491:	2 
8492:	3 7 
8493:	2 1 1 1 1 3 
8494:	9 
8495:	2 
8496:	3 
8497:	5 
8498:	4 3 
85:	2 
8500:	1 1 4 
8501:	1 2 
8502:	1 
8503:	1 1 3 1 
8504:	4 
8505:	5 3 
8506:	4 
8507:	3 1 
8508:	4 
8509:	7 
8512:	1 
8513:	1 
8514:	10 
8516:	1 
8517:	1 
8518:	2 
8519:	4 
8522:	4 2 
8523:	6 1 2 7 10 6 3 2 
8524:	3 
8525:	1 1 1 3 
8526:	1 
8527:	2 
8528:	4 
8529:	7 2 2 3 
8530:	1 5 
8531:	1 2 
8532:	6 2 
8534:	2 3 2 
8535:	2 
8536:	9 
8537:	2 
8538:	4 1 2 2 1 
8539:	2 
8540:	2 
8542:	3 
8543:	9 1 2 
8544:	1 2 
8546:	6 2 
8547:	1 6 2 4 1 1 1 1 4 1 1 2 
8548:	1 2 
8549:	10 2 2 1 4 2 1 3 2 3 1 3 3 
8552:	2 
8554:	4 
8555:	6 2 2 5 2 4 4 
8556:	1 4 7 2 
8557:	3 4 7 1 1 1 1 1 2 1 1 1 1 1 2 4 2 1 2 4 
8558:	3 1 5 1 
856:	1 
8561:	2 
8563:	7 2 8 3 2 3 
8565:	4 3 4 
8566:	2 
8567:	2 1 1 1 
8570:	2 
8571:	1 2 1 2 6 5 1 1 2 4 1 
8573:	5 
8574:	1 2 1 
8576:	7 
8577:	4 2 
8578:	1 1 2 12 2 7 
8579:	2 3 1 1 
8580:	1 1 3 19 1 4 
8583:	1 
8584:	1 
8586:	1 
8587:	1 
8588:	1 9 
8589:	3 
8590:	2 
8592:	22 
8593:	1 
8594:	1 5 6 1 7 
8595:	2 1 5 
8596:	1 
8597:	1 1 2 5 
86:	1 
8600:	4 
8601:	3 1 1 7 5 3 1 1 2 1 1 
8602:	2 2 1 1 1 1 1 
8604:	1 3 
8605:	4 2 2 4 1 
8606:	1 1 
8607:	4 
8608:	6 1 1 
8609:	2 4 
8610:	2 3 4 4 3 1 4 
8611:	5 
8612:	1 
8613:	3 1 4 7 1 5 2 3 1 1 1 1 2 1 1 5 2 2 1 2 2 1 1 2 
8614:	4 
8615:	2 
8617:	1 1 1 1 
8619:	1 1 
8620:	1 
8622:	3 2 1 1 2 1 1 1 2 1 
8624:	9 1 1 1 1 3 
8625:	3 
8626:	3 
8627:	3 8 1 
8628:	3 
863:	2 
8630:	2 1 
8631:	1 
8632:	2 1 
8634:	1 
8635:	1 1 
8636:	1 5 5 2 1 1 1 1 
8637:	1 4 4 
8638:	4 
8639:	3 2 1 2 
8640:	1 8 
8641:	2 
8642:	2 
8643:	2 
8644:	2 
8645:	2 1 1 
8646:	2 3 
8647:	5 7 2 1 
8649:	7 1 10 1 1 1 
8650:	3 1 1 1 1 1 
8652:	8 
8653:	1 
8655:	4 1 1 
8656:	8 
8657:	1 
8658:	4 
8659:	5 
8660:	5 
8661:	2 2 1 
8662:	2 2 1 
8663:	6 1 
8664:	1 
8666:	7 
8667:	8 2 12 
8668:	1 
8669:	7 
8670:	7 
8671:	1 3 1 14 
8672:	1 1 
8673:	2 1 
8674:	1 1 
8675:	4 
8676:	8 1 1 
8679:	2 
8680:	8 
8682:	1 
8683:	2 1 
8686:	2 4 
8687:	2 
8688:	4 2 2 1 
8689:	6 2 
8690:	6 3 1 3 3 1 
8691:	1 1 
8693:	3 
8695:	1 2 15 1 1 2 3 1 1 1 
8697:	3 5 1 2 3 6 
8698:	3 1 1 4 1 1 
8699:	2 
8700:	4 
8701:	1 
8702:	2 
8705:	3 1 3 
8706:	2 3 
8707:	1 
8708:	1 2 
8709:	2 3 1 1 
8710:	4 1 
8711:	2 1 
8713:	2 3 3 4 
8715:	3 1 8 2 
8716:	1 
8717:	2 
8718:	1 2 1 
8719:	2 1 
8720:	2 
8721:	8 
8722:	6 
8723:	5 11 
8724:	6 1 
8725:	2 1 1 
8726:	11 2 
8728:	1 
8730:	1 1 2 1 1 4 8 3 1 1 1 2 1 1 2 
8731:	1 1 2 1 3 2 1 2 
8732:	3 
8733:	2 
8735:	2 
8736:	1 
8737:	1 
8738:	2 
8740:	1 
8741:	5 1 2 8 
8742:	2 
8743:	3 
8746:	1 
8747:	1 
8748:	2 3 2 2 
8749:	1 14 3 1 
8750:	6 1 2 2 2 
8751:	1 
8752:	1 
8754:	4 1 2 1 1 
8756:	5 
8757:	2 4 1 
8760:	4 
8761:	2 
8762:	1 
8763:	5 
8764:	3 
8765:	2 
8767:	6 1 11 
8770:	2 3 2 4 
8771:	3 8 1 4 10 5 1 6 2 10 
8775:	2 
8776:	5 
8777:	2 2 
8778:	5 
8779:	3 2 1 
8783:	2 
8785:	5 1 1 2 2 1 3 1 3 5 1 2 4 5 1 
8787:	2 
8788:	2 1 3 
8789:	2 
8790:	1 2 
8794:	3 
8795:	2 
8796:	2 
8797:	3 3 1 
8798:	1 6 
88:	2 
8800:	2 1 
8801:	1 1 
8802:	1 
8803:	1 1 
8805:	1 1 2 2 1 
8806:	1 4 2 2 1 
8807:	4 
8809:	2 
8810:	2 
8814:	1 3 
8816:	1 3 
8817:	7 
8818:	6 2 
8819:	3 
8820:	4 1 
8822:	1 2 
8824:	6 1 1 8 3 1 2 
8826:	5 1 2 2 
8827:	5 
8829:	4 
883:	1 
8830:	1 
8831:	1 1 1 
8832:	1 
8833:	4 
8834:	7 
8839:	1 
884:	1 2 
8840:	1 
8841:	1 
8843:	1 2 
8846:	2 1 
8847:	3 
8848:	4 5 
8849:	1 
885:	1 
8850:	1 
8852:	1 
8854:	3 4 
8855:	2 
8856:	3 5 2 2 1 3 1 
8858:	2 2 6 2 1 1 
8859:	3 1 2 2 2 
886:	2 5 9 3 1 1 1 1 2 5 
8861:	14 2 
8862:	4 
8863:	1 1 
8866:	7 6 
8867:	1 1 1 3 
8868:	1 2 1 3 
8870:	3 5 3 1 2 2 3 2 
8872:	3 
8873:	2 
8874:	8 1 
8875:	2 3 
8877:	1 
8878:	2 2 1 
8879:	1 
8880:	1 
8881:	1 6 4 1 
8882:	2 4 3 
8883:	1 13 
8884:	2 
8885:	2 
8886:	3 3 1 9 6 3 
8887:	1 2 2 3 5 2 2 
8888:	1 
8889:	1 
8890:	12 3 
8891:	5 1 2 1 1 1 5 
8892:	7 
8893:	2 1 1 
8894:	2 
8895:	2 7 1 
8897:	2 2 
8899:	3 
89:	2 1 
890:	11 10 13 2 1 
8902:	1 
8905:	3 
8906:	1 
8907:	12 
8908:	6 
891:	4 
8910:	5 1 4 1 
8911:	7 5 1 
8912:	5 
8913:	3 
8914:	4 6 2 2 1 1 1 1 1 1 2 1 1 1 1 4 4 2 
8915:	1 1 8 6 7 3 1 
8916:	5 1 
8917:	4 1 4 
8918:	6 
8919:	6 3 2 
892:	4 1 3 
8920:	1 4 3 
8922:	1 
8924:	3 
8925:	3 
8926:	2 
8927:	7 1 2 
8928:	1 3 1 
8929:	2 
893:	1 
8931:	5 7 3 2 2 
8932:	1 1 1 3 
8933:	2 
8934:	2 4 
8935:	22 
8936:	1 
8937:	6 
8938:	1 2 1 1 2 
8940:	2 
8941:	3 
8942:	2 
8943:	4 2 
8944:	2 4 2 3 1 4 1 4 
8945:	3 
8946:	1 3 2 1 2 1 
8947:	3 
8948:	11 
895:	2 1 5 1 4 
8950:	1 3 5 
8951:	1 2 2 
8952:	3 1 
8954:	1 
8956:	3 
8958:	4 
8962:	1 6 
8964:	3 1 
8967:	1 1 2 7 4 1 1 1 1 1 1 2 1 2 1 3 
8969:	1 
897:	1 
8970:	1 
8971:	2 1 
8972:	2 
8973:	1 6 1 
8975:	2 5 
8978:	1 1 1 1 
8980:	1 11 3 2 1 1 1 1 2 2 1 
8984:	1 1 1 1 2 1 1 1 2 1 
8988:	3 
8989:	1 
8990:	3 1 6 10 
8991:	3 4 2 
8992:	3 1 
8993:	3 
8994:	2 
8995:	2 1 
8996:	7 
8997:	4 
8998:	6 
9:	3 
90:	2 14 1 
900:	1 
9000:	5 1 
9004:	1 2 4 3 2 9 
9006:	7 4 2 6 1 1 3 
9008:	1 
9009:	4 1 
9011:	1 11 3 1 2 3 4 
9012:	1 1 1 1 1 3 
9014:	1 
9016:	4 3 3 2 5 1 2 
9017:	2 
9018:	4 1 1 3 1 1 12 
9019:	3 1 2 3 1 1 
9020:	5 
9021:	4 1 
9022:	4 2 11 
9023:	3 
9025:	3 
9026:	2 
9027:	2 
9028:	3 3 3 4 3 2 5 2 1 1 1 5 1 1 1 2 1 2 1 1 1 1 2 
9029:	1 1 
9030:	1 
9031:	2 
9032:	3 
9034:	2 2 8 4 
9035:	5 1 1 5 
9036:	4 
9037:	8 4 
9038:	3 2 11 3 2 1 1 1 
9039:	2 
9040:	6 1 1 2 1 1 3 
9041:	3 
9042:	8 13 3 1 5 4 1 1 2 2 2 1 2 8 1 8 1 4 1 
9043:	1 
9044:	2 2 2 1 1 1 5 1 1 8 1 2 
9045:	2 
9046:	2 6 1 3 4 5 3 1 2 1 1 1 1 1 1 1 1 1 1 2 5 1 2 2 1 1 3 2 1 1 2 2 
9047:	7 1 3 2 
9048:	5 
9049:	4 2 
9050:	1 
9051:	7 1 2 
9052:	7 
9053:	7 
9054:	2 3 
9055:	2 
9056:	4 1 2 1 1 1 2 7 
9057:	2 1 1 1 1 4 3 1 1 
9058:	2 
9059:	1 1 1 1 1 
9060:	6 
9061:	1 1 
9062:	2 
9063:	6 2 
9064:	7 
9065:	2 1 1 
9066:	1 2 2 1 
9067:	3 2 
9068:	2 1 
9069:	1 1 1 
9071:	3 
9072:	1 1 1 
9073:	5 1 3 2 1 13 3 7 9 2 3 2 3 2 1 9 
9074:	2 
9075:	1 
9076:	2 
9077:	5 
9078:	2 1 
9079:	1 
908:	1 
9080:	4 
9082:	9 8 3 
9083:	1 5 2 3 
9085:	1 2 1 2 4 3 4 1 3 2 
9086:	2 
9087:	1 1 2 
9088:	1 5 1 2 1 
9089:	2 1 1 10 3 
9090:	2 5 
9091:	5 
9093:	2 
9094:	1 
9098:	1 
91:	6 4 
9100:	9 2 
9101:	2 
9102:	1 1 
9103:	2 
9104:	1 
9106:	2 
9107:	7 3 1 1 6 
9109:	6 8 5 16 14 6 
9111:	1 3 
9112:	2 
9116:	1 1 
9119:	1 2 1 2 1 3 
9123:	2 1 
9124:	1 1 
9125:	13 12 3 2 4 2 2 7 5 
9126:	8 
9127:	4 3 4 2 1 4 2 
9129:	2 
9130:	2 
9131:	1 2 8 3 
9132:	1 4 
9133:	3 1 1 1 
9134:	1 
9135:	1 
9136:	3 
9137:	3 10 6 
9138:	2 4 
9140:	9 
9141:	14 6 3 2 3 2 1 1 4 1 
9142:	1 
9144:	2 
9145:	1 
9149:	1 1 
9151:	1 
9152:	1 
9153:	4 1 1 
9154:	4 
9155:	1 2 4 
9158:	1 2 2 
9159:	2 
916:	1 
9160:	1 2 2 5 
9161:	2 1 2 
9164:	1 
9165:	4 
9166:	5 
9168:	4 
9170:	3 
9171:	4 1 
9172:	3 
9173:	8 1 2 
9175:	6 2 
9177:	2 1 6 3 1 3 3 1 5 1 1 1 4 2 5 1 8 2 2 2 1 5 1 2 
9178:	1 
9179:	1 1 1 2 
918:	4 1 5 1 1 1 1 
9180:	2 2 2 2 3 
9181:	2 4 11 5 7 
9183:	2 
9184:	3 
9185:	5 
9186:	3 2 
9187:	1 2 
9189:	2 2 
9191:	3 1 
9192:	5 1 2 
9193:	1 
9194:	2 1 1 6 6 1 
9195:	5 1 1 
9196:	4 
9197:	3 
9199:	2 
92:	2 
920:	2 
9202:	9 2 
9203:	2 1 
9206:	3 
9208:	3 
9209:	25 8 2 
921:	1 3 2 1 1 1 
9210:	1 1 1 1 
9211:	4 
9212:	3 3 
9213:	2 
9214:	4 
9217:	4 1 3 
9218:	2 4 
9220:	10 1 7 4 3 1 2 1 1 
9230:	5 1 6 2 15 3 2 3 
9231:	6 4 3 12 4 
9233:	3 3 1 1 1 1 1 
9235:	4 
9237:	1 1 11 14 2 2 
924:	1 
9240:	1 
9241:	4 2 
9242:	1 2 
9244:	1 2 1 1 
9246:	2 
9247:	1 
9250:	1 1 1 
9251:	1 
9252:	2 3 
9253:	5 
9254:	2 
9255:	2 
9256:	5 4 1 19 
9257:	1 
9258:	3 
9259:	3 
9260:	3 
9261:	3 
9262:	3 1 
9263:	3 
9264:	3 1 2 
9265:	2 
9266:	4 
9267:	3 2 1 1 3 
9268:	3 7 
9269:	1 
9271:	4 
9272:	1 2 1 1 
9277:	1 1 1 5 
9279:	3 1 
9284:	5 
9285:	2 2 
9287:	4 1 
9288:	2 
9291:	2 5 3 3 1 1 
9293:	3 
9294:	2 3 
9295:	1 2 4 5 2 1 
9296:	12 2 
9297:	5 1 
9299:	1 2 1 
93:	1 
9300:	4 
9301:	6 
9302:	4 
9303:	5 
9305:	6 1 1 4 
9306:	5 
9307:	6 
9309:	13 4 
9310:	1 1 1 1 
9311:	10 3 
9312:	3 5 
9313:	1 5 1 2 
9314:	9 5 1 1 3 
9315:	4 2 1 1 
9317:	3 2 1 1 13 
9318:	5 
9319:	5 1 
9322:	1 
9323:	2 3 
9325:	1 
9326:	2 
9327:	1 
9328:	8 3 
933:	1 
9330:	4 1 1 
9331:	2 
9332:	4 1 4 4 
9354:	1 
9355:	1 1 
9356:	1 
9357:	1 4 
9358:	2 3 1 2 2 2 1 1 7 1 1 2 1 1 2 5 1 1 1 2 3 4 4 2 
9360:	3 2 
9361:	3 
9362:	2 1 1 2 
9363:	4 1 
9364:	3 2 
9365:	8 
9366:	1 2 
9367:	1 6 3 4 
9368:	1 
9369:	1 1 2 
9371:	3 
9372:	2 1 5 
9375:	3 
9376:	8 4 1 6 
9379:	7 8 2 
9381:	4 
9383:	2 
9384:	1 1 
9385:	6 6 
9386:	2 1 1 
9387:	1 1 
9388:	4 
9389:	2 
9390:	3 
9391:	9 1 
9392:	5 2 1 
9393:	1 
9394:	2 
9398:	1 5 
9399:	2 
94:	6 
940:	1 2 2 
9400:	2 
9401:	3 
9402:	1 
9404:	2 7 
9405:	2 
9406:	3 1 2 8 2 4 
9407:	3 
9408:	1 2 
9409:	3 10 
941:	1 
9410:	1 
9411:	2 1 
9412:	1 
9413:	2 1 3 
9414:	4 1 11 1 
9415:	5 6 2 1 7 2 
9417:	1 
9418:	5 9 2 4 
9420:	12 9 
9421:	2 4 1 1 
9423:	2 
9424:	4 1 2 
9425:	2 
9426:	1 
9427:	5 
943:	2 
9432:	1 
9434:	4 3 3 
9435:	5 3 
9436:	5 18 
9437:	3 
9439:	3 
944:	6 
9440:	4 1 
9441:	2 2 
9442:	1 
9446:	15 1 
9447:	4 4 2 11 
9449:	1 
9451:	1 6 
9452:	1 
9454:	3 1 1 1 
9455:	5 6 1 
9456:	1 4 
9457:	1 
9458:	3 
9459:	5 
946:	3 
9462:	2 3 
9464:	1 
9466:	2 1 
9467:	2 3 
9468:	3 
947:	4 1 
9472:	5 
9474:	6 
9476:	3 1 1 2 1 2 
9477:	2 
9479:	2 3 
948:	1 12 2 8 1 2 1 1 3 
9480:	5 
9481:	3 8 2 1 1 2 2 
9482:	1 6 15 6 
9483:	1 1 2 
9484:	2 
949:	1 1 1 1 
9496:	3 4 14 1 19 9 6 4 3 
950:	3 2 
9507:	13 3 4 2 
9509:	2 
951:	3 
9510:	4 3 1 1 1 
9512:	5 3 
9513:	4 
9514:	1 
9516:	7 5 
9517:	2 2 1 1 1 4 1 
9518:	3 1 
952:	2 
9520:	7 9 2 1 
9521:	2 2 
9522:	17 3 1 1 5 
9523:	11 3 8 12 1 1 2 1 1 1 1 3 1 2 8 2 1 1 
9524:	2 3 
9525:	6 
9526:	1 
9527:	4 
9528:	2 
9529:	1 3 
953:	3 2 
9530:	8 3 7 2 4 1 1 3 1 2 1 1 7 1 
9533:	2 2 4 
9534:	15 5 5 2 
9535:	5 1 1 1 2 1 1 1 3 4 2 1 4 1 1 1 3 1 4 1 2 2 1 1 1 3 1 1 2 1 2 
9536:	1 
9537:	6 1 1 2 1 1 3 3 1 2 2 5 1 1 1 1 1 1 
9538:	1 1 
9539:	1 
954:	15 14 10 
9540:	1 10 1 
9541:	7 1 
9542:	1 5 2 
9544:	1 
9545:	2 
9547:	1 
9548:	2 
9549:	2 
955:	1 3 1 12 6 1 2 3 2 1 5 1 2 6 4 2 1 1 1 1 1 1 
9550:	2 3 1 2 1 1 3 6 2 3 2 1 2 1 1 1 1 3 1 1 3 1 1 1 1 2 1 1 1 
9551:	3 
9552:	4 3 1 1 12 3 
9554:	1 1 3 
9555:	2 
9556:	1 4 1 21 
9557:	1 2 1 3 
9558:	1 4 
9559:	3 
956:	1 5 1 
9560:	3 1 1 2 1 
9561:	2 2 
9562:	4 
9563:	3 
9564:	2 1 2 1 2 1 3 
9565:	2 
9566:	5 
9569:	3 1 4 2 
957:	4 
9571:	1 
9572:	1 
9573:	6 3 6 1 1 
9574:	1 
9575:	2 
9576:	2 3 1 2 4 2 
9579:	1 
958:	1 
9581:	7 1 1 1 1 1 3 1 
9582:	2 3 
9584:	2 
9587:	4 
9588:	2 
959:	2 
9590:	3 4 3 
9591:	2 4 
9592:	2 3 3 2 
9593:	4 
9594:	2 
9595:	9 2 2 1 1 1 2 3 3 1 3 1 2 1 2 1 
9598:	2 
9599:	2 2 
960:	2 1 2 
9600:	2 
9601:	1 8 3 2 8 
9602:	2 
9603:	2 5 
9604:	4 4 1 9 6 13 11 
9605:	1 2 3 6 1 6 
9606:	8 2 
9607:	2 2 
9608:	2 1 
9609:	2 1 1 3 5 
961:	1 
9610:	1 
9614:	7 1 3 3 2 1 1 1 1 2 2 1 2 1 1 1 1 1 1 1 1 1 2 2 
9615:	1 5 
9616:	2 1 
9618:	2 
9619:	1 
962:	4 
9620:	5 4 
9622:	1 4 3 
9623:	1 
9624:	1 3 2 3 2 
9625:	4 8 
9626:	8 3 
9627:	3 3 
9628:	3 1 8 2 13 3 
9629:	1 4 1 
963:	1 2 5 2 2 5 4 
9631:	3 2 4 2 2 
9632:	2 3 1 4 2 1 1 1 1 1 2 1 1 1 1 1 1 1 1 
9634:	3 2 2 
9636:	1 
9637:	1 1 
964:	3 2 7 3 
9643:	2 2 4 1 1 20 1 
9644:	1 
9647:	20 2 
9648:	1 1 
9650:	1 
9651:	1 
9653:	1 1 1 
9655:	2 
9656:	3 
9658:	5 
9659:	2 2 1 1 
966:	1 
9660:	1 
9661:	1 1 3 
9662:	8 2 1 1 1 1 2 1 1 3 3 1 1 
9666:	3 
9667:	2 1 2 
9668:	5 1 1 
967:	3 
9672:	7 
9673:	3 2 1 4 
9674:	1 1 
9676:	1 
9677:	2 1 6 
9678:	6 
9682:	1 
9684:	1 
9685:	3 2 5 4 2 1 8 
9687:	4 
9689:	1 1 5 3 2 1 1 1 1 1 4 
969:	2 
9696:	1 
9697:	2 1 1 1 
9698:	9 1 
970:	2 1 3 
9702:	4 1 9 1 1 
9703:	1 
9706:	1 1 1 
9707:	3 
9708:	3 
9710:	6 3 1 1 1 2 1 3 
9711:	10 1 
9712:	1 5 1 
9713:	4 3 6 32 
9714:	2 1 2 1 
9715:	3 
9716:	1 2 
9717:	6 8 2 1 1 4 
9718:	3 2 
9719:	4 
9720:	1 
9721:	2 
9722:	1 
9723:	1 2 1 
9724:	2 3 1 3 
9725:	2 1 
9727:	1 
9729:	1 
9730:	3 2 4 3 
9731:	1 3 6 2 3 
9732:	6 
9733:	18 3 
9734:	1 4 
9735:	10 
9736:	1 1 
9738:	3 2 
9741:	4 1 7 
9742:	8 
9744:	5 2 
9752:	3 3 
9754:	5 3 
9760:	1 3 
9764:	8 2 
9767:	2 
9768:	3 
9770:	1 2 1 
9771:	2 
9772:	1 3 1 1 1 3 
9773:	2 
9775:	1 1 
9777:	4 
9778:	1 3 1 2 1 6 2 6 7 3 1 1 3 1 1 3 
9779:	5 9 1 1 1 1 1 1 1 1 1 1 3 1 1 2 
9780:	3 1 
9781:	2 
9785:	2 
9786:	21 2 8 1 
9787:	5 
9788:	2 
9790:	2 1 2 
9792:	2 3 1 
9793:	1 1 1 
9796:	2 1 
9797:	5 
9798:	1 
98:	1 1 1 
980:	1 
9800:	3 
9801:	2 
9804:	1 5 1 1 18 
9805:	2 9 8 
9806:	1 
9807:	3 4 
9810:	2 6 
9811:	2 
9813:	1 
9815:	1 3 4 3 1 
9816:	7 2 11 7 2 6 1 2 
9817:	6 
9818:	1 4 1 3 5 
9819:	7 1 2 2 1 1 1 4 1 1 1 2 1 3 1 
9820:	1 1 2 2 
9821:	1 3 2 
9823:	1 
9824:	5 
9825:	9 
9827:	5 
9828:	2 2 
9829:	2 
9830:	2 
9831:	3 2 
9832:	6 3 
9834:	1 3 1 4 1 2 
9835:	4 3 3 2 2 
9836:	12 4 
9838:	4 6 1 1 
9839:	1 
9843:	7 2 
9845:	3 1 
9849:	1 
985:	1 
9850:	3 1 
9851:	4 
9852:	1 1 
9853:	1 5 2 
9854:	1 1 
9856:	1 1 1 
9857:	3 1 
9858:	1 1 3 2 
9860:	1 
9863:	1 
9864:	2 
9865:	2 
9866:	1 
9867:	1 
9868:	2 
9869:	3 
9870:	6 2 1 1 1 1 1 1 1 1 1 1 
9871:	2 
9872:	2 
9873:	2 
9874:	1 
9875:	1 4 
9877:	2 
9879:	5 5 1 1 
988:	2 
9880:	3 1 
9881:	1 
9882:	1 4 1 4 2 1 1 1 1 2 2 5 3 1 1 
9883:	2 1 1 1 3 
9884:	2 1 1 14 1 1 5 2 2 1 1 3 
9885:	1 4 3 8 
9886:	2 
9887:	3 2 2 
9888:	4 
9889:	2 2 2 1 
9890:	2 1 
9891:	2 
9892:	7 5 4 5 1 1 1 1 1 
9893:	2 
9894:	7 14 
9895:	1 1 1 1 1 
9896:	4 
9897:	4 4 1 6 2 8 11 1 1 6 1 6 3 
99:	9 
9903:	1 
9904:	3 4 
9906:	5 2 2 2 1 1 1 1 1 
9907:	5 4 1 
9908:	6 2 
9909:	4 
991:	2 1 1 1 
9910:	2 
9911:	3 
9912:	1 3 4 
9913:	2 1 3 
9915:	3 
9916:	6 12 
9917:	1 
9918:	2 
9919:	3 
992:	2 
9920:	4 
9921:	4 12 2 
9922:	2 1 
9923:	6 
9924:	3 3 
9925:	3 2 16 
9926:	3 1 
9927:	3 2 1 2 3 2 6 2 
9928:	1 4 2 4 
9929:	2 8 
993:	3 2 7 
9930:	1 
9931:	8 
9932:	3 3 
9933:	7 
9934:	1 
9935:	2 
9936:	2 
9937:	4 
9939:	2 1 1 
994:	1 
9940:	3 1 2 7 
9941:	1 
9942:	9 
9943:	5 
9945:	2 1 2 
9946:	2 1 2 1 
9947:	2 2 2 
9948:	3 1 
9949:	8 
995:	3 
9951:	2 
9952:	3 2 3 4 7 1 5 1 2 2 1 2 1 2 2 1 1 2 1 1 1 2 1 
9954:	1 2 6 5 1 
9955:	1 1 1 6 1 1 3 3 1 2 1 2 
9956:	2 1 
9957:	2 2 2 
9958:	1 
9959:	1 
996:	1 2 2 3 
9960:	6 
9961:	5 
9966:	6 1 2 7 18 6 8 2 6 1 1 3 1 1 2 1 1 2 1 1 
9967:	1 
9968:	4 1 
997:	1 1 
9970:	2 3 
9971:	2 3 6 1 11 3 
9976:	3 
9977:	1 1 
9978:	1 1 
9980:	2 3 3 
9981:	2 2 
9982:	2 
9985:	4 
9986:	7 
9987:	4 5 
9988:	1 2 3 1 
9989:	5 
999:	2 1 
9991:	2 
9992:	2 2 
9993:	4 3 2 
9994:	2 1 1 
9995:	5 1 1 2 1 
9996:	1 
9997:	4 
9998:	2 
