=== non-contiguous nft : chains ===
Found 10208 chain interruption in 7363 different nfts
nft:	 contiguousTransactionCount1 contiguousTransactionCount2 ...

10:	3 1 1 
100:	1 
1000:	1 1 6 14 
1001:	4 
1002:	1 21 1 1 1 1 3 3 2 10 
1003:	1 
1004:	1 
1005:	1 
1006:	9 8 8 4 4 
1007:	2 
1008:	2 
1009:	2 
1010:	7 
1011:	10 2 5 2 2 1 1 1 4 
1012:	3 4 
1013:	1 
1014:	1 2 
1016:	1 2 
1017:	2 
1018:	2 2 10 4 4 1 5 
102:	2 4 5 
1022:	15 3 
1023:	1 1 1 1 
1028:	1 
1031:	1 
1032:	1 
1033:	1 1 1 
1035:	1 
1036:	10 1 2 2 4 1 1 4 2 2 
1037:	1 
1038:	1 1 
1039:	5 5 
104:	1 
1042:	1 
1044:	1 1 6 2 1 
1045:	1 
1046:	4 
1047:	1 
1049:	1 
105:	1 2 
1050:	2 1 4 
1051:	2 1 
1052:	1 
1053:	1 
1055:	1 
1058:	5 
1059:	1 3 
106:	1 2 
1063:	1 3 22 1 2 1 
1064:	2 
1065:	2 1 2 2 6 
1068:	2 
107:	1 
1071:	2 3 1 2 
1075:	1 
1076:	2 1 
1078:	5 3 1 2 4 1 2 
108:	3 
1081:	1 1 
1082:	1 
1083:	5 5 1 2 1 1 
1086:	1 2 
1087:	11 1 
1088:	11 
1089:	2 1 
109:	1 
1090:	1 
1091:	1 2 11 32 13 3 
1092:	3 1 1 4 1 2 1 
1095:	5 
1096:	1 
1097:	1 2 2 
110:	1 
1105:	2 4 1 1 
1106:	2 1 
1112:	2 
1117:	3 3 
1118:	4 1 3 
1119:	2 10 1 
1120:	2 1 2 
1121:	2 7 2 
1122:	4 3 
1123:	1 
1124:	1 3 
1125:	7 1 
1126:	1 3 4 5 
1127:	1 2 1 3 5 
1128:	6 
113:	1 1 
1133:	2 3 3 
1134:	2 
1135:	4 
1136:	1 
1138:	1 1 
114:	2 1 1 1 5 8 1 
1141:	1 5 3 3 1 1 
1142:	1 
1149:	2 
115:	2 2 
1150:	3 
1154:	2 1 1 1 
1155:	1 
1157:	3 
1158:	4 6 5 
1159:	1 
116:	3 
1160:	3 13 2 1 1 
1161:	1 3 1 1 4 2 3 9 3 1 2 1 
1162:	3 2 5 1 5 
1165:	1 
1166:	1 
1177:	2 2 
1178:	3 1 2 
118:	4 8 1 1 
1183:	2 
1184:	1 
1187:	1 2 
1189:	2 1 3 2 1 1 
1190:	1 8 4 10 
1195:	1 1 1 
1196:	5 
1197:	1 
1199:	2 1 1 4 
120:	1 3 3 7 1 
1203:	1 
1204:	1 5 6 3 1 4 1 1 3 3 2 2 2 
1205:	1 1 2 2 
1206:	1 1 1 1 2 
1207:	5 
121:	2 2 
1210:	3 3 2 1 5 6 3 14 2 12 4 
1213:	2 
1214:	1 2 
1217:	1 
1219:	7 
1220:	2 
1225:	1 1 
1226:	7 2 1 3 1 5 2 2 2 
1227:	12 2 1 2 
123:	3 
1231:	4 2 
1232:	2 
1233:	1 1 
1234:	1 1 1 5 2 
1237:	1 
1238:	1 9 1 
1240:	1 
1250:	3 3 1 
1252:	4 
1255:	1 
1259:	2 1 
126:	1 5 2 3 1 6 1 1 1 2 3 1 
1260:	2 1 
1265:	2 3 
1266:	1 
1267:	1 
1268:	1 3 
127:	1 3 1 3 
1270:	1 
1271:	1 
1275:	2 
1276:	2 8 2 
1278:	2 
1279:	2 
128:	1 
1281:	5 
1282:	1 1 
1285:	1 
1289:	2 1 1 
129:	2 4 1 2 
1290:	1 
1294:	1 
13:	1 
1301:	1 
1302:	1 
1303:	2 6 1 4 1 2 2 
1304:	1 
1306:	1 1 1 2 
1307:	3 4 4 1 
1308:	2 
131:	4 
1310:	1 
1312:	3 
1313:	1 
1314:	4 5 
1315:	2 2 
1316:	5 6 
1317:	1 1 
1318:	1 3 
132:	1 
1324:	3 
1325:	3 
1326:	3 
1327:	2 2 1 
1328:	3 
133:	2 
1333:	3 
1334:	1 
1335:	1 1 
134:	2 
1340:	1 
1341:	1 
1342:	1 
1344:	4 1 2 18 4 5 2 6 1 1 3 2 1 3 
135:	2 1 5 
1354:	2 1 5 2 2 6 6 
1356:	3 
1359:	2 2 1 1 
136:	4 2 5 
1361:	1 
1362:	9 1 1 
1367:	1 1 2 
1368:	3 
1369:	1 
1370:	4 
1372:	1 1 1 2 1 5 2 
1375:	2 3 
139:	1 1 
1392:	1 
1398:	3 5 3 3 5 
1399:	4 3 3 6 2 2 
14:	1 1 
140:	2 6 3 1 
1400:	1 
1413:	2 5 1 1 
1414:	1 
1416:	1 3 2 8 
1417:	4 
1418:	3 
1419:	1 2 3 
1420:	2 1 
1422:	2 
1423:	2 
1424:	1 1 
1427:	1 1 3 
1428:	1 
1429:	1 4 3 1 3 8 
1430:	3 1 
1431:	1 
1433:	1 
1434:	2 
1439:	1 
1440:	1 1 
1443:	2 1 
1445:	1 
1446:	1 5 
1447:	2 2 4 7 1 
1448:	3 1 
145:	4 
1450:	2 4 
1451:	2 13 5 2 1 3 4 1 2 
1452:	5 
1453:	1 
1454:	2 1 
1455:	2 
1456:	2 
1458:	1 
146:	1 1 
1462:	1 2 
1464:	1 
1465:	2 3 2 13 7 8 
1466:	2 
1467:	1 
1468:	1 2 
147:	1 1 
1473:	1 1 3 
1474:	1 
148:	3 1 1 
1483:	2 3 
1484:	1 1 
1485:	2 5 
1486:	1 1 3 2 3 2 1 1 1 
1487:	1 1 3 1 
149:	1 1 
1490:	1 2 
1493:	3 1 1 1 
1494:	2 
1497:	1 
1498:	5 2 6 4 1 1 3 1 2 2 3 1 
150:	3 10 
1501:	1 
1502:	3 1 1 
1505:	1 1 
1506:	1 1 
151:	5 7 1 4 2 2 1 
1513:	1 1 5 
1514:	2 
1517:	2 
1519:	1 
152:	1 
1520:	1 
1521:	6 
1522:	1 2 
1525:	2 
1528:	2 
153:	1 
1531:	1 1 1 6 8 2 1 1 
1532:	1 3 2 2 2 3 3 7 2 
1541:	1 
1542:	2 6 2 1 
1545:	2 2 1 
1547:	1 
1548:	1 1 
1549:	3 
1550:	2 
1551:	3 1 
1553:	2 1 3 
1555:	7 1 
1556:	1 2 1 3 1 1 6 
1557:	1 1 
1558:	3 1 2 1 2 
1560:	1 1 2 
1561:	1 3 1 2 
1562:	3 
1563:	1 
1564:	5 
1565:	3 4 3 5 
1566:	1 
1567:	3 
1568:	2 2 2 1 
1569:	2 1 2 2 1 
1570:	1 
1571:	2 13 4 1 
1572:	1 1 
1573:	1 
1574:	2 10 3 2 1 
1575:	1 1 1 
1576:	1 5 1 
1577:	1 3 3 
1578:	1 2 1 
1579:	1 3 1 2 1 
1580:	1 
1581:	1 6 4 13 2 
1582:	1 1 1 1 6 7 2 1 
1583:	3 2 2 
1584:	2 1 2 
1585:	1 7 3 1 5 
1586:	1 
1587:	2 2 4 1 1 
1588:	1 1 1 
1589:	1 1 
1590:	3 5 3 3 2 
1591:	1 
1592:	1 
1593:	1 
1594:	1 
1595:	2 
1596:	1 1 1 
1597:	3 1 1 2 2 3 1 1 
1598:	2 
1599:	1 
16:	4 2 2 
160:	1 1 
1600:	1 3 
1601:	1 
1602:	2 5 
1603:	1 
1604:	1 
1605:	1 1 1 
1606:	1 1 3 2 3 1 2 4 1 2 1 
1607:	1 1 1 6 
1608:	1 
1609:	2 1 
161:	2 
1610:	2 2 2 
1611:	1 5 4 
1612:	4 4 2 
1613:	6 
1614:	3 
1615:	4 2 4 2 
1616:	1 
1617:	1 1 
1618:	2 1 2 1 1 
1619:	1 1 1 2 1 1 1 
162:	3 
1620:	1 
1621:	1 2 
1622:	3 
1623:	2 3 2 1 
1624:	1 2 1 4 1 2 3 1 3 8 
1625:	2 
1626:	1 1 3 
1627:	1 4 
1628:	3 
1629:	1 
163:	1 
1630:	2 
1631:	2 
1632:	1 1 
1633:	3 
1634:	1 2 1 
1636:	2 
1637:	1 1 1 
1638:	3 
1639:	1 2 
1640:	1 1 16 2 
1641:	1 
1642:	3 1 
1643:	8 1 
1644:	4 
1646:	4 
1647:	2 
1648:	1 16 4 3 4 1 
1649:	1 3 2 1 6 1 2 
165:	1 
1650:	1 1 
1651:	1 1 
1652:	1 
1653:	3 
1654:	1 1 2 1 2 6 1 1 2 
1655:	2 
1656:	1 1 
1657:	4 
1658:	1 
1659:	3 1 2 1 1 
166:	1 
1660:	1 3 
1661:	1 
1662:	1 2 
1663:	1 
1664:	1 2 
1665:	6 
1666:	2 
1667:	1 3 1 
1668:	4 
1669:	2 4 5 1 1 
1670:	1 2 2 1 
1671:	1 2 1 
1672:	1 
1673:	24 1 
1674:	5 
1675:	2 
1677:	2 
1678:	3 1 1 
1679:	2 
168:	1 1 2 1 
1680:	3 1 
1681:	3 
1682:	4 2 1 
1683:	6 1 
1684:	1 1 7 22 
1685:	2 7 
1686:	3 3 
1687:	4 5 9 2 6 
1688:	4 4 
1689:	1 1 
169:	2 
1690:	1 2 
1691:	1 
1692:	1 
1693:	2 1 1 
1694:	3 
1695:	2 
1696:	1 7 1 1 
1697:	2 1 1 3 6 
1698:	1 
1699:	1 
170:	1 
1700:	1 1 
1701:	2 
1702:	1 1 2 6 
1703:	2 
1704:	1 1 1 
1705:	1 
1706:	2 1 3 
1707:	1 
1708:	2 
1709:	1 
1710:	2 1 9 
1711:	2 1 1 2 1 
1713:	1 
1714:	7 
1716:	1 1 1 2 1 1 
1718:	1 1 
172:	1 
1720:	10 14 2 16 1 2 3 1 6 4 1 2 
1721:	2 2 2 7 1 
1722:	1 
1723:	1 3 4 6 
1724:	9 6 1 4 
1725:	2 2 
1726:	1 
1727:	2 
1728:	1 1 
1729:	1 
173:	4 1 
1730:	3 
1731:	1 3 6 6 1 1 5 10 2 
1732:	1 3 
1733:	1 1 1 
1734:	1 9 2 9 7 1 2 
1735:	4 1 1 
1736:	1 1 
1737:	3 2 
1738:	1 
1739:	1 
174:	2 
1740:	2 2 9 1 
1741:	2 1 1 1 3 2 1 1 
1742:	1 2 3 4 
1743:	1 
1744:	1 3 
1745:	3 
1746:	4 1 1 
1747:	1 2 
1748:	3 
1749:	2 
175:	1 
1750:	1 
1751:	1 1 
1752:	9 
1753:	1 1 
1755:	2 
1756:	4 
1758:	1 
1759:	2 4 
176:	10 
1760:	1 
1761:	3 1 1 
1762:	1 2 1 4 
1763:	2 
1764:	1 
1765:	1 1 
1766:	1 
1768:	1 1 6 2 5 
1769:	1 
177:	8 
1770:	2 
1771:	3 
1772:	1 3 4 8 
1773:	1 1 11 
1774:	2 1 
1775:	4 1 
1776:	1 3 
1777:	3 4 1 
1778:	1 3 
1779:	1 1 8 2 6 2 3 2 1 6 2 
178:	1 
1780:	3 
1781:	1 
1782:	2 
1783:	2 
1784:	2 
1785:	10 
1786:	2 2 
1787:	3 
1788:	2 3 1 
179:	1 1 1 
1790:	1 1 
1791:	2 1 
1793:	2 1 4 
1794:	1 
1795:	1 
1796:	1 
1797:	1 5 12 
1798:	2 1 5 3 6 3 1 
1799:	1 
18:	1 
180:	2 
1800:	2 8 2 
1801:	2 2 2 10 7 3 2 1 4 1 1 2 
1802:	1 
1803:	1 
1804:	2 1 
1805:	1 6 8 
1806:	1 2 4 
1808:	9 1 2 1 2 
1809:	1 
181:	3 1 2 2 16 2 1 6 
1810:	2 
1811:	2 
1812:	1 1 
1813:	2 1 5 6 2 3 
1814:	2 
1815:	1 
1816:	1 
1817:	4 5 11 10 
1818:	3 2 
1819:	2 
1820:	2 
1821:	12 3 1 
1822:	2 3 2 4 1 1 1 
1823:	1 2 
1824:	1 2 
1825:	4 
1826:	1 
1827:	3 2 
1828:	1 1 
1829:	2 2 
183:	2 
1830:	5 2 
1831:	3 2 
1832:	2 
1833:	2 1 
1834:	1 2 2 1 
1835:	5 1 4 1 1 
1836:	2 
1837:	2 1 
1839:	24 4 2 1 
184:	1 6 4 
1840:	4 
1841:	1 
1842:	1 
1843:	2 
1844:	1 1 
1846:	2 
1847:	4 
1848:	1 2 1 
1849:	1 
185:	1 1 3 
1850:	1 2 6 
1851:	1 1 3 3 3 
1852:	3 
1853:	2 
1854:	2 2 
1855:	1 
1856:	4 1 2 
1857:	1 1 
1858:	2 1 4 
1859:	1 
186:	1 3 2 5 3 2 3 
1862:	4 
1863:	1 
1864:	1 1 1 2 
1866:	1 
1867:	3 
1868:	1 
1869:	2 
1870:	1 1 
1871:	1 
1872:	1 
1873:	1 
1874:	11 3 
1875:	1 1 
1876:	1 2 5 10 2 1 2 3 1 1 1 2 2 1 
1878:	2 
1879:	1 1 
1880:	1 1 
1881:	1 
1882:	2 3 
1883:	2 
1885:	2 4 1 
1886:	2 
1888:	1 
1889:	2 
1890:	4 9 2 4 4 
1891:	2 1 1 
1892:	1 1 
1893:	1 5 
1894:	3 
1895:	1 
1896:	3 1 
1898:	2 
1899:	7 2 1 1 2 
190:	24 5 1 1 1 1 
1900:	2 
1901:	2 
1902:	3 4 
1903:	1 
1904:	2 
1905:	2 
1906:	1 6 
1907:	1 1 
1908:	1 
1909:	2 
1910:	1 2 
1911:	1 2 
1912:	1 
1913:	2 4 7 1 2 2 
1914:	2 
1915:	3 
1916:	1 1 2 4 18 1 
1917:	2 2 11 
1918:	1 
1919:	1 11 1 1 3 
1920:	1 3 
1921:	1 1 1 2 2 
1922:	3 1 1 6 2 4 3 2 1 
1923:	15 2 3 2 4 7 
1924:	1 1 
1925:	1 
1926:	1 
1928:	1 
1929:	1 
193:	2 
1930:	2 2 
1931:	3 1 
1932:	1 
1933:	1 
1934:	1 
1935:	1 1 7 
1936:	1 5 2 
1937:	1 
1938:	1 
1939:	1 
1940:	1 8 3 1 
1941:	1 3 
1942:	1 
1943:	1 
1944:	1 1 
1946:	4 2 
1947:	1 2 
1948:	1 5 
1949:	1 1 
1950:	1 1 1 
1951:	1 4 1 1 4 4 
1952:	1 
1953:	2 
1955:	1 
1956:	1 
1958:	2 
1959:	3 2 10 
1960:	1 
1961:	1 1 3 1 3 2 
1962:	6 1 1 1 1 3 
1963:	4 2 1 2 1 6 
1964:	3 
1965:	1 
1967:	2 11 10 1 3 1 2 3 6 4 2 
1968:	2 2 7 4 2 3 2 
1969:	1 8 5 2 8 
1971:	1 3 
1972:	3 
1973:	1 
1974:	2 
1975:	2 
1977:	1 
1978:	4 4 
1979:	2 
198:	3 4 9 2 3 
1981:	2 
1982:	3 3 9 1 7 
1983:	1 
1984:	2 
1985:	2 
1986:	6 4 2 3 
1987:	1 
1988:	1 1 2 5 18 4 
1989:	1 
199:	2 
1990:	1 
1991:	1 
1992:	1 1 2 3 6 4 1 1 
1994:	1 5 9 10 11 
1995:	3 
1996:	2 7 
1997:	2 1 1 
1998:	3 
1999:	2 
200:	1 2 
2000:	1 3 1 
2001:	5 
2002:	1 
2003:	1 
2004:	1 3 8 3 
2005:	1 
2006:	1 
2008:	2 
2009:	1 2 3 
2010:	1 
2011:	1 
2012:	1 
2013:	1 1 4 3 
2014:	3 
2015:	2 
2016:	1 2 
2017:	3 
2018:	1 
2019:	2 
2020:	3 1 
2021:	1 3 
2022:	1 4 
2023:	2 
2024:	1 2 
2025:	2 3 
2026:	2 
2027:	1 
2028:	2 2 
2029:	1 
2030:	1 1 
2031:	2 
2032:	2 
2033:	1 5 2 
2034:	1 5 2 
2035:	9 
2036:	1 
2037:	1 1 
2038:	1 
2039:	1 
204:	1 5 2 1 1 
2040:	2 
2041:	2 2 
2042:	1 
2044:	2 
2045:	2 2 7 2 4 1 
2046:	2 2 4 
2047:	3 
2048:	1 
2049:	2 
205:	1 5 2 
2050:	3 7 1 
2051:	5 
2052:	1 2 
2053:	1 2 3 3 
2054:	2 1 7 8 1 1 1 
2055:	1 11 4 1 1 4 
2056:	5 5 8 2 2 1 8 1 1 1 
2057:	1 
2058:	1 1 
2059:	1 1 
2060:	1 2 
2061:	10 1 1 1 
2062:	1 
2063:	3 
2064:	3 6 
2065:	1 
2066:	1 
2067:	1 3 
2068:	1 1 
2069:	9 
2070:	9 2 1 
2071:	1 1 
2072:	1 
2073:	1 1 
2074:	1 2 2 
2075:	1 
2076:	4 1 6 4 1 
2077:	5 
2078:	1 1 1 
2079:	1 
2080:	2 1 
2081:	1 1 
2082:	1 
2083:	1 
2084:	3 1 
2085:	4 
2086:	2 2 31 
2087:	1 4 3 
2089:	1 1 
209:	3 1 1 
2090:	2 5 2 1 
2091:	3 
2092:	1 
2093:	2 5 
2094:	3 
2095:	3 2 
2096:	2 
2097:	5 2 
2098:	1 1 1 
2099:	1 
21:	3 1 
210:	1 
2100:	3 1 5 5 4 1 1 1 1 
2101:	2 1 
2102:	2 1 3 
2104:	1 2 3 1 1 1 3 
2105:	7 
2106:	1 7 3 1 
2107:	1 
2108:	4 
2109:	4 
2110:	3 3 
2112:	2 
2114:	1 
2116:	15 
2117:	2 
2118:	1 
2119:	2 2 
212:	2 
2121:	1 1 
2122:	4 2 1 1 3 
2123:	1 
2124:	1 2 2 1 
2126:	1 1 2 
2128:	2 
2129:	2 1 11 3 2 
213:	1 
2130:	2 1 
2131:	2 
2133:	1 3 
2135:	1 
2136:	1 1 
2137:	1 6 
2138:	11 14 2 1 1 
2139:	1 1 
2140:	1 
2141:	1 
2143:	4 1 
2144:	2 4 3 1 2 1 
2145:	1 11 1 
2147:	1 4 
2148:	3 
2150:	1 1 
2151:	1 1 
2152:	1 2 
2153:	2 3 1 4 
2154:	1 
2155:	1 1 1 3 
2156:	1 
2157:	1 4 
2158:	1 
2159:	1 4 2 1 2 1 7 
216:	1 
2160:	1 1 
2162:	1 2 3 2 7 3 2 11 2 3 6 12 
2163:	1 
2164:	1 2 1 
2165:	1 3 
2166:	1 2 3 3 6 3 2 2 
2167:	1 
2169:	3 1 6 1 1 2 
217:	4 
2170:	1 1 
2171:	3 3 2 
2172:	8 
2173:	1 
2175:	2 1 2 3 
2176:	8 5 2 2 3 2 3 2 3 
2177:	1 5 
2178:	1 
2179:	1 3 16 23 10 7 17 
2180:	5 
2181:	2 
2182:	1 
2183:	1 2 
2184:	1 1 
2185:	6 
2186:	4 2 3 
2187:	2 
2188:	1 1 5 1 1 3 1 1 2 2 1 
2189:	1 
2190:	1 
2191:	3 
2192:	1 2 
2193:	3 
2194:	1 4 
2195:	3 
2196:	1 3 
2197:	2 
2198:	1 
2199:	1 
22:	1 
220:	1 1 1 1 13 5 5 1 3 1 1 3 7 3 1 2 
2200:	3 
2201:	1 
2202:	1 1 
2203:	2 
2204:	1 1 
2205:	2 2 
2206:	2 8 
2207:	1 
2209:	1 
221:	12 1 5 1 1 3 
2211:	2 
2212:	1 2 1 2 1 
2213:	1 
2214:	1 
2215:	2 
2216:	1 1 3 
2218:	3 1 3 2 1 1 1 5 1 
2219:	1 3 1 
2220:	3 
2222:	1 
2223:	1 2 3 2 4 1 1 1 1 2 
2224:	7 2 4 1 2 
2226:	1 
2227:	1 2 
2228:	1 
2229:	1 1 2 1 
2230:	3 1 1 
2231:	1 2 1 
2232:	1 2 
2233:	1 17 14 
2236:	1 
2237:	4 1 5 3 
2238:	1 2 
2239:	1 3 
224:	1 
2240:	2 
2241:	2 15 3 
2242:	1 2 
2243:	3 
2244:	1 2 
2245:	1 2 
2246:	2 5 
2247:	1 1 
2248:	2 4 2 4 2 4 
2249:	4 1 
225:	1 
2250:	12 2 
2251:	1 3 
2252:	1 1 2 4 1 3 1 
2254:	2 3 9 
2256:	1 1 6 7 2 4 
2257:	2 
2258:	1 
2259:	1 1 
226:	1 
2260:	2 
2261:	1 
2262:	2 
2263:	1 1 3 1 
2264:	1 1 
2265:	1 4 1 3 
2266:	2 
2268:	3 
2269:	3 
2270:	1 
2271:	1 2 
2272:	1 
2273:	1 
2274:	1 1 3 3 
2275:	1 
2276:	1 2 3 1 2 8 
2277:	3 
2278:	6 
2279:	1 1 1 1 
2280:	1 
2281:	1 1 2 1 
2282:	2 2 1 4 2 3 3 4 
2283:	2 1 
2284:	1 7 2 1 
2285:	1 
2286:	1 1 
2287:	1 1 1 1 
2288:	6 3 
2289:	2 6 13 5 
2290:	2 
2291:	1 
2292:	1 1 1 4 
2293:	1 1 2 
2294:	1 2 5 2 
2295:	2 1 4 1 1 1 1 2 
2296:	1 
2297:	1 3 
2298:	1 
2299:	1 
23:	1 3 1 
230:	1 1 2 
2300:	1 
2301:	1 
2302:	1 
2303:	1 1 1 9 4 4 1 
2304:	1 
2305:	2 
2306:	3 
2307:	2 1 1 
2308:	1 
2309:	2 1 1 
231:	1 
2310:	2 1 
2312:	1 1 
2313:	1 2 
2314:	1 2 6 2 3 7 4 
2315:	1 1 
2317:	1 
2318:	2 1 1 1 
2319:	1 1 
232:	4 1 9 7 1 1 1 2 1 
2320:	1 1 1 
2321:	1 1 
2323:	2 
2324:	3 1 
2325:	3 2 2 5 2 2 
2326:	4 1 1 
2327:	1 2 
2329:	3 
233:	1 
2330:	1 1 
2331:	2 
2332:	1 1 
2333:	1 1 
2334:	1 
2335:	2 
2336:	1 
2337:	2 
2338:	3 
2339:	1 
234:	1 
2340:	1 1 
2341:	1 2 1 2 
2342:	1 
2343:	1 
2344:	2 
2345:	2 
2346:	1 
2347:	1 1 3 
2348:	1 
2349:	2 3 
235:	2 
2350:	1 
2351:	6 3 
2352:	1 7 
2353:	1 4 1 1 7 6 3 1 
2355:	1 
2356:	3 
2357:	1 3 3 1 
2358:	2 4 4 2 
2359:	2 1 2 
236:	1 1 
2362:	2 
2363:	1 
2364:	2 1 
2365:	2 
2366:	1 1 3 2 5 1 3 1 
2367:	2 2 1 1 
2369:	1 1 
237:	1 2 
2370:	2 1 1 2 
2371:	1 
2372:	2 1 
2373:	1 
2374:	2 
2375:	2 
2376:	2 
2377:	1 3 
2378:	1 3 2 2 
2379:	2 4 3 1 3 1 1 1 1 
238:	1 1 
2381:	3 1 
2382:	2 7 3 1 2 1 1 1 1 
2383:	1 
2384:	1 2 1 1 
2385:	1 
2386:	1 
2387:	1 5 1 
2389:	1 1 
239:	1 
2390:	2 1 
2391:	1 2 
2392:	1 
2393:	3 
2396:	1 2 5 1 1 
2397:	2 
2398:	1 10 1 2 2 1 1 1 3 2 3 4 2 10 1 
2399:	2 
24:	1 2 1 14 14 2 4 
2400:	5 
2401:	3 
2402:	1 1 1 4 
2403:	4 1 
2404:	3 
2408:	1 1 
2409:	2 
2410:	5 
2412:	1 
2414:	1 
2415:	4 10 
2416:	2 
2417:	1 2 4 9 
2419:	1 
242:	5 
2420:	4 6 1 1 
2421:	2 
2422:	3 
2424:	6 3 
2425:	2 
2426:	1 
2427:	1 3 3 2 
2431:	1 1 4 4 2 2 3 1 
2432:	5 4 3 1 
2433:	1 
2434:	2 1 2 
2435:	6 1 1 
2436:	2 1 
2438:	1 1 4 1 
2439:	7 1 
2440:	10 2 
2441:	4 3 
2442:	2 1 
2443:	1 2 1 2 1 
2444:	2 1 
2446:	1 1 2 
2447:	2 1 8 1 
2448:	3 
2450:	1 
2451:	1 
2452:	5 
2453:	2 1 
2455:	1 1 
2456:	2 
2457:	2 1 
2458:	1 
2459:	1 
246:	1 7 2 4 
2460:	1 1 
2461:	1 
2462:	2 1 
2463:	1 1 
2464:	1 
2465:	3 1 
2466:	1 
2467:	2 1 8 2 1 9 1 1 1 2 1 2 
2468:	1 
2469:	1 2 
247:	2 
2470:	2 
2471:	2 
2473:	2 2 1 2 
2474:	6 
2475:	1 1 
2476:	1 
2477:	1 1 1 
2479:	5 1 2 1 
248:	1 5 
2480:	2 2 1 
2481:	2 
2483:	1 
2484:	3 12 
2486:	4 1 
2487:	1 
2488:	1 2 7 
249:	1 2 1 3 
2490:	1 
2493:	1 2 
2494:	2 
2495:	1 5 1 4 3 2 4 1 1 2 
2496:	5 
2497:	2 1 
2498:	3 9 27 5 4 1 1 1 8 7 4 2 
2499:	1 1 
25:	3 
250:	1 2 
2500:	3 
2501:	1 1 1 
2504:	1 
2505:	1 
2506:	2 
2507:	12 2 4 7 16 3 
2508:	1 
2509:	1 5 4 7 2 2 1 2 
251:	1 3 2 11 2 1 2 
2510:	1 9 2 
2511:	2 
2513:	4 
2514:	2 3 2 3 
2515:	2 
2516:	1 
2517:	1 
2518:	1 
2520:	1 1 2 
2521:	1 
2522:	1 
2523:	4 3 1 3 2 
2525:	1 1 2 2 
2526:	1 9 5 5 6 5 2 
2527:	2 11 
2528:	1 3 
2529:	3 
2530:	1 
2531:	2 
2532:	1 1 
2533:	5 
2534:	1 
2535:	3 1 1 
2536:	2 5 1 
2537:	1 
2538:	2 1 1 1 
2539:	1 
2540:	1 1 
2541:	1 1 
2542:	2 
2543:	2 6 3 
2545:	1 
2546:	1 5 5 
2547:	1 
2548:	1 
2549:	4 3 3 2 3 
255:	1 
2550:	5 1 3 
2552:	2 
2553:	1 
2554:	1 5 1 1 3 1 2 
2555:	2 
2556:	2 
2557:	1 3 
2558:	2 
2559:	1 
256:	2 4 1 1 1 1 1 1 1 1 
2560:	1 3 
2561:	2 
2562:	1 3 
2564:	2 
2566:	4 6 
2567:	3 1 
2568:	1 6 
2569:	2 1 
2570:	1 2 1 
2572:	2 5 6 3 1 
2573:	1 
2574:	2 5 1 3 
2575:	1 1 
2576:	4 1 2 8 2 
2577:	2 
2578:	3 1 
2579:	3 
2580:	3 2 2 
2581:	3 
2582:	9 1 5 2 1 2 
2583:	1 
2585:	1 
2586:	2 
2587:	1 1 
2589:	1 
2590:	3 
2591:	4 6 1 
2592:	3 
2593:	2 
2594:	1 3 
2595:	2 5 3 4 1 
2596:	1 1 
2597:	1 1 
2598:	1 
26:	1 
2600:	1 5 
2601:	4 
2602:	1 2 
2604:	1 1 1 1 
2605:	4 2 3 
2606:	2 
2607:	2 2 1 1 
2608:	2 4 
261:	2 2 
2610:	1 3 2 1 1 2 5 
2613:	1 1 
2614:	1 
2615:	2 
2616:	1 
2617:	1 4 7 3 
2618:	1 
2619:	1 1 1 
262:	1 
2620:	1 5 2 5 1 3 
2621:	3 
2623:	1 
2624:	1 
2625:	1 2 
2626:	1 1 
2627:	4 
2628:	1 
2629:	1 
263:	1 2 
2630:	2 2 
2631:	1 1 
2632:	2 
2633:	1 
2634:	1 1 1 
2635:	1 
2636:	4 5 3 2 
2638:	1 
2639:	1 
2641:	1 
2642:	2 
2643:	2 
2644:	1 1 
2645:	1 1 1 
2646:	1 
2647:	2 
2648:	3 1 
2649:	1 
2650:	1 
2651:	1 
2652:	4 
2653:	2 
2654:	1 
2655:	3 
2657:	1 
2658:	3 2 1 2 
2659:	1 
2660:	2 2 
2661:	2 
2662:	2 1 
2663:	2 
2666:	1 
2667:	1 1 1 
2668:	1 
2669:	1 2 23 1 2 1 
2670:	2 2 4 
2672:	3 4 3 
2673:	2 
2674:	1 
2676:	1 1 3 1 2 5 
2677:	1 8 14 1 1 1 
2678:	4 1 2 
2679:	2 2 2 1 3 
2680:	1 2 8 1 3 2 1 1 5 2 4 
2681:	1 3 
2682:	1 1 1 
2683:	1 
2684:	2 
2685:	1 
2686:	3 
2687:	7 1 
2688:	1 
2689:	1 2 6 3 1 1 3 4 
269:	1 
2690:	1 
2691:	5 1 4 3 2 8 
2692:	2 3 1 3 2 
2694:	1 
2695:	1 
2696:	3 1 1 4 
2697:	2 
2698:	2 
2699:	1 
27:	1 1 2 
270:	1 2 2 1 4 
2700:	1 
2701:	1 2 
2702:	2 
2703:	2 
2704:	2 
2705:	1 
2706:	6 
2707:	2 1 2 16 
2708:	1 
2709:	1 
271:	1 
2710:	2 
2711:	3 
2712:	1 1 5 
2713:	1 
2714:	1 8 1 3 
2716:	1 2 1 2 2 6 
2717:	1 
2718:	2 4 
2719:	8 1 1 3 3 1 6 1 8 1 
272:	1 
2720:	6 2 1 
2721:	1 10 10 
2722:	1 
2723:	5 1 
2724:	1 3 1 2 1 
2726:	1 3 1 1 
2727:	7 1 3 3 1 1 
2728:	1 3 
2729:	1 1 2 1 
273:	1 1 1 1 7 
2730:	3 
2731:	4 
2732:	1 1 
2733:	6 1 1 1 1 
2734:	3 
2735:	1 3 
2736:	1 
2737:	2 3 
2738:	5 4 2 3 2 1 5 3 
2739:	1 2 
274:	2 2 
2740:	3 
2741:	1 
2742:	1 1 8 2 1 1 
2743:	1 
2744:	8 
2745:	1 
2746:	1 2 
2747:	4 
2749:	10 5 
275:	1 
2750:	1 2 1 2 
2752:	1 1 
2753:	1 1 
2754:	2 
2755:	1 
2756:	1 9 9 1 4 6 3 
2758:	1 1 1 
2759:	1 
276:	6 6 2 3 1 4 4 4 13 
2760:	5 3 3 1 2 1 1 4 11 
2761:	2 3 2 1 4 4 
2762:	6 1 4 6 1 2 2 
2763:	4 
2764:	2 
2765:	2 
2766:	2 
2767:	1 7 
2769:	1 
2770:	1 
2771:	1 
2774:	1 1 
2775:	1 2 5 
2776:	7 
2778:	1 2 1 
2779:	1 
2780:	1 
2781:	1 
2782:	3 
2783:	1 2 3 1 3 
2784:	2 1 1 
2785:	1 
2786:	1 
2788:	7 5 1 1 13 3 
2789:	2 1 1 
2790:	2 
2791:	4 1 1 
2792:	2 
2793:	2 
2794:	2 5 33 1 5 
2795:	1 1 1 1 
2796:	1 1 
2797:	7 2 5 
2799:	1 
28:	1 1 
280:	1 
2800:	5 1 4 
2801:	1 2 1 1 
2802:	3 
2803:	1 2 3 3 
2804:	2 2 3 6 2 4 2 
2805:	1 
2806:	2 1 1 
2807:	2 
2808:	3 4 4 1 1 2 1 1 1 
2809:	4 1 1 1 2 1 1 
2810:	2 5 5 4 4 2 4 
2811:	3 1 
2812:	1 
2813:	1 2 2 
2814:	1 
2817:	1 2 1 
2818:	1 
2819:	1 2 5 7 11 17 
282:	2 
2820:	1 2 4 2 
2821:	1 
2823:	3 1 
2824:	2 
2825:	6 
2826:	1 
2827:	3 
2828:	1 
2829:	1 1 
283:	1 4 
2830:	1 1 1 2 
2832:	3 
2833:	1 
2834:	2 3 
2835:	3 
2836:	2 
2838:	4 
2839:	1 1 
284:	1 2 
2842:	1 1 1 
2843:	23 3 8 7 11 1 3 5 5 
2844:	4 2 3 3 10 4 1 2 
2845:	3 
2846:	1 
2847:	1 
2848:	5 1 1 4 3 6 5 8 2 2 4 
2849:	1 2 
285:	1 3 2 
2850:	3 
2851:	1 1 
2852:	2 
2853:	2 1 7 6 
2854:	3 6 
2855:	4 
2856:	16 3 
2858:	2 2 
2859:	2 2 2 1 
2861:	3 1 
2862:	1 2 2 1 2 1 2 1 
2863:	2 
2864:	2 1 1 
2865:	2 4 5 
2866:	2 
2867:	5 1 1 1 
2868:	1 1 
2869:	1 2 1 
2870:	1 
2871:	1 1 1 
2872:	1 2 1 9 11 2 5 3 3 2 
2873:	1 
2874:	6 10 
2876:	2 1 8 10 
2877:	6 2 
2878:	1 2 
2879:	2 17 5 11 2 2 
288:	5 
2880:	1 6 1 2 1 
2882:	1 1 
2883:	1 1 
2884:	1 1 
2885:	3 
2886:	1 
2887:	1 2 3 8 
2888:	1 
2889:	2 
2890:	5 
2891:	1 1 
2892:	1 8 
2893:	1 1 
2894:	2 
2895:	3 3 4 
2896:	3 2 
2897:	2 1 
2898:	5 
2899:	1 
29:	11 1 
290:	1 
2900:	2 12 8 3 3 4 4 2 3 
2901:	1 6 17 2 11 5 
2902:	1 1 1 
2903:	1 1 
2904:	1 1 1 1 1 
2905:	1 
2906:	2 1 
2907:	1 
2908:	1 1 3 12 1 
2909:	2 
2910:	2 5 
2912:	1 1 
2913:	3 1 5 
2914:	1 2 
2915:	4 1 
2916:	3 
2919:	3 1 
2920:	2 2 4 4 1 2 1 1 
2921:	1 6 1 3 2 
2922:	1 1 
2923:	1 1 
2924:	1 3 
2925:	3 2 2 3 1 1 1 2 3 
2927:	2 3 
2928:	1 6 5 1 
2929:	1 
293:	1 
2930:	6 1 3 4 
2931:	1 
2932:	8 4 3 1 1 1 4 3 5 4 1 
2933:	1 
2934:	1 15 3 
2935:	2 
2936:	1 
2938:	1 
2939:	2 
294:	2 
2940:	2 
2941:	1 
2942:	4 2 
2943:	4 1 1 3 
2944:	2 3 
2945:	1 
2946:	2 8 4 8 1 1 1 1 
2947:	1 
2948:	1 4 2 1 1 5 4 3 12 11 1 2 1 
295:	1 
2950:	1 
2951:	2 
2953:	1 1 2 
2954:	3 
2955:	1 4 
2956:	2 
2957:	2 1 
2958:	1 
2959:	1 1 
2960:	2 
2961:	1 1 
2962:	1 7 2 
2963:	3 
2965:	2 
2966:	1 4 5 6 9 9 5 
2968:	1 
2969:	2 
2970:	3 2 
2971:	1 1 2 
2972:	1 
2973:	1 1 1 
2974:	1 2 
2975:	3 
2976:	4 
2977:	1 1 2 
2978:	2 1 6 3 12 
298:	1 
2980:	3 2 1 2 
2982:	2 2 6 
2983:	5 
2984:	7 2 1 7 2 2 
2985:	1 4 1 3 1 1 1 8 4 1 3 
2987:	4 3 1 1 
2988:	1 2 
2989:	1 1 1 1 
299:	7 2 11 
2990:	3 
2992:	2 5 2 1 
2993:	3 2 7 17 2 1 1 
2994:	1 1 13 1 2 6 2 7 2 4 6 1 2 1 2 1 
2995:	1 2 3 
2996:	2 3 8 12 13 2 
2997:	1 3 
2998:	1 
3:	1 
30:	1 3 
300:	1 
3000:	2 3 
3001:	1 
3002:	1 1 
3004:	1 2 
3005:	10 1 
3006:	2 1 1 3 4 5 1 4 1 3 5 
3007:	1 1 
3008:	1 
3009:	15 34 10 19 2 15 1 
301:	3 
3011:	6 
3012:	4 
3013:	3 
3014:	13 2 3 1 9 5 1 1 
3015:	1 
3017:	1 
3018:	2 
3019:	1 
302:	5 2 
3020:	1 
3021:	1 
3022:	9 1 
3023:	2 3 3 8 2 3 1 1 
3024:	1 
3025:	2 4 
3026:	1 
3027:	1 
3029:	1 
3030:	2 
3031:	2 
3032:	2 
3033:	1 
3034:	1 
3037:	2 
3039:	1 1 3 3 3 1 1 1 
304:	1 1 1 5 1 
3040:	2 2 
3041:	2 
3043:	3 3 1 3 4 
3044:	7 
3045:	1 2 3 5 2 
3047:	1 1 
3048:	1 
3049:	5 1 1 6 
3050:	1 3 1 4 2 1 4 1 3 1 
3051:	5 1 1 
3052:	3 4 2 2 4 3 
3053:	5 
3055:	2 
3056:	3 
3057:	3 1 5 
3058:	1 
3059:	1 
3060:	2 1 
3061:	1 
3063:	1 
3064:	1 
3065:	3 
3066:	1 3 
3067:	3 
3068:	1 
3069:	1 3 1 
307:	1 1 
3071:	1 3 
3074:	1 1 
3075:	1 
3077:	1 2 2 
3078:	1 
3079:	1 1 
308:	5 6 1 
3080:	2 
3082:	2 
3084:	10 1 2 2 1 
3086:	3 47 5 4 6 
3087:	2 1 
3088:	1 
3089:	1 
309:	6 
3090:	2 1 
3091:	1 2 
3092:	30 8 
3093:	1 2 
3094:	1 2 
3095:	3 1 1 2 
3096:	1 1 
3097:	1 1 1 
3098:	1 1 
3099:	1 1 
310:	1 
3100:	2 
3101:	3 
3102:	2 
3103:	1 2 
3104:	1 
3105:	1 1 1 
3107:	2 
3108:	1 
3109:	1 6 3 1 3 2 
311:	1 2 1 
3110:	20 15 2 5 4 2 1 2 
3111:	1 6 5 2 10 
3112:	1 1 
3113:	1 1 2 
3115:	2 1 2 6 2 16 3 1 1 5 1 3 
3116:	1 
3118:	1 
3119:	1 1 
312:	2 7 4 5 5 
3120:	1 1 
3121:	4 2 1 3 5 
3122:	2 3 
3123:	1 
3124:	1 
3125:	4 2 
3126:	1 2 
3128:	2 
3129:	1 2 
313:	2 
3130:	1 
3131:	1 4 
3132:	1 2 2 3 1 
3133:	1 2 
3134:	1 
3135:	1 2 
3137:	1 
3139:	1 
3143:	2 2 
3145:	3 2 1 3 2 2 
3147:	1 
3148:	3 
3149:	1 3 1 
3150:	3 
3151:	1 
3153:	1 1 
3154:	1 
3156:	1 2 
3157:	1 1 5 
3158:	1 
3159:	1 2 1 
3160:	4 2 1 1 
3162:	1 1 
3163:	14 8 5 2 
3164:	1 
3165:	1 6 7 2 
3166:	2 
3168:	2 1 2 1 5 1 4 
3169:	2 11 4 2 3 2 
317:	2 
3171:	1 1 
3173:	1 
3174:	2 2 1 
3176:	1 
3177:	1 
3178:	1 3 
3179:	2 
318:	2 
3180:	1 3 
3181:	1 
3182:	1 
3184:	4 16 
3185:	6 
3186:	1 
3189:	1 1 3 4 5 1 4 2 
319:	5 
3190:	1 
3191:	2 2 1 1 
3192:	1 1 3 
3193:	2 
3195:	1 2 2 5 
3196:	1 4 
3197:	4 
3198:	9 
3199:	1 
320:	3 14 11 1 12 3 7 
3200:	1 2 
3201:	1 
3203:	1 8 
3204:	1 
3205:	3 1 1 1 1 1 
3206:	1 5 9 2 1 5 6 4 1 
3208:	3 2 2 3 2 2 
3209:	1 
321:	1 
3210:	1 
3211:	5 1 6 6 2 8 
3212:	2 3 3 1 
3213:	2 
3214:	2 
3216:	1 1 1 
3217:	3 3 
3218:	1 1 1 7 1 1 
3219:	2 9 1 4 2 7 
322:	4 
3220:	3 
3221:	3 1 
3222:	1 
3223:	1 
3224:	1 
3227:	1 
3228:	1 
3230:	1 1 4 2 2 4 
3231:	3 
3232:	1 1 
3233:	11 1 9 2 
3234:	1 1 1 
3235:	1 2 8 4 10 1 1 
3236:	5 9 1 4 
3237:	1 1 
3238:	1 3 4 
3239:	1 
3240:	3 1 1 1 
3241:	1 
3242:	2 1 
3243:	1 3 5 2 8 6 1 1 
3244:	1 5 4 5 1 1 1 3 3 
3245:	1 
3246:	1 2 1 3 1 
3247:	5 
3248:	1 17 2 3 
3249:	1 
325:	7 
3250:	1 
3251:	1 
3252:	1 
3253:	1 1 1 2 3 7 5 3 1 1 
3254:	4 1 2 5 
3255:	1 
3257:	1 
3258:	1 
3259:	1 
3260:	2 1 
3261:	2 
3262:	1 
3263:	1 10 1 
3264:	3 
3265:	1 
3266:	4 1 
3267:	2 
3268:	2 1 
3269:	2 
327:	1 
3270:	1 2 5 8 2 4 18 9 5 4 1 4 1 
3272:	2 2 
3273:	1 1 1 1 8 3 2 2 2 1 2 
3274:	2 
3275:	1 1 1 
3276:	9 5 
3278:	1 2 1 17 3 1 
328:	1 1 
3280:	41 4 4 
3281:	2 
3282:	2 3 1 3 1 2 13 4 1 
3283:	2 6 9 1 5 
3284:	1 
3285:	2 1 
3286:	1 
3287:	1 2 
3288:	2 1 
3289:	2 7 2 
3290:	1 1 2 
3292:	1 
3293:	1 7 
3294:	1 1 
3295:	6 1 5 1 15 6 2 2 4 
3296:	1 1 1 
3297:	1 
3298:	3 
3299:	1 
3300:	3 2 2 2 
3301:	1 1 2 1 
3302:	1 
3303:	4 
3304:	1 5 2 17 7 
3305:	1 1 4 
3306:	1 
3307:	1 2 
3308:	1 1 
3309:	1 
331:	1 1 8 1 4 1 1 1 1 
3310:	1 1 
3311:	2 
3312:	1 2 
3313:	1 
3314:	3 1 1 2 
3315:	2 4 
3316:	1 17 33 9 2 2 1 7 4 8 1 2 7 4 1 3 
3318:	1 
3319:	1 
332:	1 2 1 
3320:	1 1 
3321:	1 
3322:	1 
3323:	1 
3324:	5 
3325:	2 
3326:	3 
3327:	1 6 
3328:	2 6 10 5 10 3 3 5 
3329:	1 
3330:	4 2 1 1 4 
3332:	1 1 8 11 4 
3334:	1 
3335:	24 2 
3336:	1 
3338:	3 
3339:	1 
334:	2 18 
3340:	1 1 1 1 1 5 
3342:	2 1 
3343:	1 2 
3344:	2 1 
3345:	1 1 
3348:	1 
3349:	2 1 1 
335:	1 
3350:	1 
3351:	1 2 
3352:	2 2 5 5 
3353:	1 
3354:	1 1 10 3 4 
3355:	2 
3356:	2 3 
3357:	1 1 
3358:	5 5 
3359:	5 
3360:	7 8 2 3 
3362:	4 4 4 
3363:	2 1 1 4 
3364:	11 
3365:	1 
3366:	3 2 4 6 15 
3367:	2 1 
3368:	1 1 
3369:	2 
3370:	3 
3371:	1 
3372:	1 1 
3373:	3 
3374:	1 
3375:	1 2 5 
3376:	1 
3377:	2 
3378:	11 4 19 3 2 7 2 2 4 3 3 
3379:	1 1 
3380:	2 2 2 
3382:	1 1 6 5 3 
3384:	3 2 
3386:	2 1 1 2 1 6 
3387:	1 
3388:	1 2 3 
3389:	2 1 
3390:	1 
3391:	1 
3392:	2 
3393:	1 1 
3394:	1 2 1 1 
3395:	2 1 
3396:	1 
3397:	2 2 2 
3398:	1 
3399:	1 15 6 1 2 3 9 2 5 4 
340:	1 1 
3401:	2 2 
3403:	3 4 1 2 1 1 1 
3404:	1 2 1 2 1 
3405:	1 
3406:	1 
3407:	2 
3408:	1 3 1 5 1 
3409:	1 
341:	2 
3410:	1 
3411:	2 
3412:	1 4 1 
3414:	2 2 7 1 
3415:	1 2 2 3 
3417:	4 7 3 1 
3418:	1 
3419:	1 
342:	1 
3420:	2 
3421:	1 7 
3424:	4 1 
3425:	1 
3426:	1 
3427:	1 1 3 5 13 
3429:	1 4 
3430:	2 
3431:	5 5 6 1 
3432:	3 
3433:	1 
3434:	2 
3438:	1 1 
3439:	4 1 3 4 4 
344:	4 1 
3440:	1 
3442:	2 3 5 
3443:	5 1 8 
3444:	1 
3445:	3 1 1 
3446:	1 
3448:	1 2 2 
3451:	2 
3452:	2 
3453:	4 
3455:	1 
3456:	4 
3458:	1 4 1 8 2 
3459:	2 1 
346:	1 1 
3460:	1 3 
3461:	1 1 
3462:	3 1 
3464:	2 1 3 2 1 4 3 
3465:	3 15 8 1 1 1 1 1 
3466:	2 
3467:	1 4 2 2 5 
3468:	3 2 2 7 
3469:	2 
347:	3 1 
3470:	1 
3471:	1 1 3 4 12 2 1 1 4 
3472:	3 2 1 
3473:	3 
3474:	1 5 
3475:	1 
3476:	1 
3477:	5 1 2 
3478:	1 2 1 2 4 
348:	3 7 6 6 3 5 1 1 3 5 
3480:	2 2 1 2 
3481:	1 
3482:	3 
3484:	4 
3485:	3 7 1 4 1 5 3 
3486:	1 2 1 2 2 
3487:	1 
3489:	1 1 
349:	1 
3490:	5 1 
3491:	1 
3495:	3 1 
3496:	9 1 1 2 
3497:	1 1 6 2 3 
3498:	7 4 5 2 
3499:	4 1 1 
35:	1 
350:	1 2 2 1 7 1 17 
3500:	2 4 
3501:	17 
3502:	3 
3503:	1 
3504:	1 6 1 
3508:	1 
3509:	1 1 
3510:	3 
3511:	3 
3512:	3 2 
3514:	1 
3515:	1 1 1 1 
3516:	14 
3517:	1 
3518:	2 1 
3519:	2 
352:	2 1 
3520:	3 2 4 1 3 1 2 
3521:	4 12 18 5 
3522:	2 5 2 
3523:	1 3 1 1 
3524:	1 1 4 
3525:	4 3 1 
3526:	1 
3528:	1 2 
3529:	2 1 2 
353:	2 
3530:	1 
3533:	2 1 
3535:	1 1 1 
3538:	1 1 
3539:	1 4 1 3 2 1 
354:	6 11 
3540:	3 
3541:	15 4 2 13 1 
3542:	2 1 
3543:	1 5 2 1 1 3 
3546:	3 1 
3547:	3 
3548:	3 1 
3550:	7 
3552:	1 1 
3553:	2 
3554:	2 
3555:	2 1 
3556:	1 
3557:	2 
3558:	1 
3559:	2 
356:	1 1 
3560:	1 
3562:	1 
3564:	1 
3565:	5 
3566:	1 
3567:	1 1 
3568:	1 2 1 
3569:	3 
357:	3 
3570:	1 
3571:	1 5 
3572:	2 1 1 
3574:	2 1 
3575:	1 
3576:	1 
3577:	1 
3578:	1 2 1 
3579:	2 
3581:	2 2 
3582:	1 2 
3584:	1 
3585:	1 
3586:	1 
3587:	2 3 
3588:	7 4 2 4 2 1 
3589:	1 1 1 
359:	1 
3590:	2 
3591:	1 
3593:	3 
3594:	2 1 1 
3595:	3 
3596:	3 2 
3597:	2 
3598:	4 
36:	1 
360:	2 
3600:	1 
3601:	1 
3602:	1 1 
3604:	2 
3605:	1 1 
3606:	1 
3608:	3 
3609:	1 
361:	2 
3610:	1 3 3 
3611:	1 
3612:	1 11 9 2 1 
3613:	2 
3614:	1 2 4 
3615:	3 2 
3616:	1 1 
3617:	1 
3618:	2 
3619:	4 
362:	5 
3620:	2 1 1 
3621:	9 2 
3622:	3 4 15 2 9 4 1 1 1 1 3 1 
3623:	1 
3624:	1 1 
3625:	6 8 2 
3626:	1 
3627:	2 2 4 3 
3628:	1 
363:	3 11 12 5 6 2 1 1 2 1 1 1 
3630:	2 2 
3631:	1 
3632:	4 
3633:	4 
3634:	2 1 2 1 1 1 2 1 10 
3635:	3 8 
3636:	3 
3637:	2 
3638:	1 
3640:	1 
3641:	1 3 
3642:	1 2 3 
3643:	8 3 2 3 
3644:	2 
3645:	2 38 
3646:	7 
3647:	2 1 1 17 2 3 4 2 2 2 1 2 
3648:	1 1 2 
3649:	1 
3651:	3 
3652:	1 1 
3653:	2 10 4 2 4 7 
3654:	1 
3655:	4 
3656:	2 1 12 3 2 3 5 1 
3657:	2 1 6 
3658:	1 
3659:	2 1 
366:	4 5 1 3 
3660:	1 
3661:	1 1 2 6 2 3 
3662:	2 
3663:	2 
3664:	3 1 
3665:	1 
3666:	1 2 1 3 6 10 19 
3667:	6 7 3 2 
3668:	1 
3669:	5 1 1 1 2 
3670:	1 4 2 
3671:	1 
3672:	1 
3673:	1 1 
3674:	2 
3675:	1 
3676:	2 
3677:	1 
3678:	1 3 
3679:	2 1 
3680:	1 1 
3681:	1 
3682:	2 2 3 3 
3683:	10 
3684:	1 1 
3685:	3 3 
3686:	1 
3687:	1 7 
3688:	1 1 
3690:	1 1 1 
3691:	5 10 1 2 
3692:	4 
3693:	9 4 
3694:	1 3 25 1 5 5 1 1 
3695:	2 1 1 
3696:	1 2 6 4 
3697:	4 1 7 3 5 5 1 1 
3698:	2 2 
3699:	17 2 8 2 2 3 1 1 1 
370:	1 
3700:	1 3 1 2 
3701:	6 2 3 
3702:	1 
3703:	1 1 1 1 4 
3705:	2 1 
3706:	1 1 
3707:	2 4 3 4 
3708:	1 1 
3709:	1 
3710:	1 4 
3712:	4 
3713:	1 
3714:	14 
3715:	2 1 
3716:	1 
3717:	6 12 4 6 3 4 
3718:	1 
3719:	2 
372:	4 1 1 
3722:	1 
3723:	4 1 3 
3724:	2 2 2 
3725:	1 
3726:	1 1 1 2 
3728:	1 
3729:	1 2 
373:	5 8 3 1 1 
3730:	1 1 1 8 1 2 
3731:	1 
3732:	6 14 3 4 8 
3733:	1 
3734:	1 4 3 6 9 8 
3737:	3 1 4 
3738:	2 2 
3739:	1 1 1 
374:	2 
3740:	3 7 
3741:	1 1 
3742:	1 3 
3743:	2 1 
3745:	1 
3746:	3 
3747:	1 1 
3748:	1 
3749:	2 
375:	1 1 1 
3750:	1 1 3 
3751:	2 1 2 1 1 1 3 27 3 8 2 7 2 5 9 11 3 5 4 4 1 
3753:	1 
3754:	2 
3755:	1 
3756:	1 
3757:	3 3 2 
3758:	1 
3759:	5 
376:	1 18 4 2 3 12 1 
3760:	1 
3761:	2 
3762:	1 
3763:	1 3 1 1 
3764:	2 
3765:	1 
3766:	4 
3767:	1 1 1 
3770:	2 1 26 9 4 1 3 7 3 6 1 2 
3771:	3 1 
3772:	1 
3774:	3 
3775:	1 13 3 1 
3776:	1 
3777:	1 
3778:	2 7 
3779:	1 
3780:	1 
3781:	3 2 
3782:	1 
3783:	1 1 
3784:	1 
3785:	2 3 2 
3786:	1 
3787:	1 3 1 
3789:	3 1 1 1 
3790:	1 
3791:	2 
3792:	1 
3796:	1 1 11 
3797:	1 
3798:	1 
3800:	11 
3801:	4 1 1 2 
3802:	1 
3803:	2 
3804:	1 
3805:	1 1 1 
3807:	1 
3808:	1 9 
3809:	1 1 
381:	2 4 1 
3810:	3 
3811:	1 1 4 
3812:	1 
3813:	1 
3814:	1 8 12 3 
3815:	1 
3816:	3 
3817:	1 
3818:	4 
3819:	1 
382:	1 3 
3820:	2 
3821:	2 
3822:	1 1 
3823:	4 2 2 1 
3824:	1 
3825:	1 
3826:	1 
3827:	1 
3828:	2 
3829:	2 1 
383:	2 1 
3830:	1 4 1 2 
3831:	1 4 2 1 
3832:	1 9 
3833:	2 3 1 2 
3835:	2 
3837:	2 2 4 
3838:	2 1 
3839:	5 3 2 1 1 4 4 1 
384:	2 1 
3840:	1 2 1 6 1 2 1 1 1 
3841:	1 
3842:	1 3 
3843:	1 
3844:	2 1 
3845:	5 
3846:	2 2 2 
3849:	1 
3850:	1 
3851:	2 5 
3852:	1 
3853:	1 
3854:	1 3 
3855:	1 
3856:	1 1 
3857:	1 1 2 1 1 3 
3859:	1 2 
3861:	2 1 
3862:	2 
3863:	1 
3864:	8 7 
3865:	2 2 7 1 5 1 
3866:	4 1 1 
3867:	1 
3869:	1 1 1 1 
3870:	4 
3871:	2 2 
3872:	5 
3873:	1 1 2 
3874:	3 2 
3875:	1 2 3 
3876:	4 
3877:	1 4 3 1 2 2 3 
3878:	1 
3879:	4 
3880:	3 
3881:	3 
3883:	1 
3886:	3 1 2 
3887:	1 1 
3888:	1 
3889:	1 9 3 2 4 7 1 
3890:	4 
3891:	1 1 1 
3893:	2 
3894:	1 6 16 2 1 4 
3895:	2 2 
3896:	1 
3898:	2 
3899:	2 7 4 3 3 
3900:	1 
3901:	2 
3903:	1 
3904:	2 
3906:	1 7 
3907:	2 
391:	1 1 1 2 2 
3910:	1 1 
3911:	2 
3913:	1 
3914:	2 
3916:	4 4 4 
3917:	1 
3919:	1 
392:	3 3 5 
3920:	1 
3922:	1 2 1 2 2 
3923:	2 
3924:	4 
3925:	2 1 1 1 3 22 6 1 9 
3926:	1 2 
3927:	2 
3928:	1 
3929:	1 1 1 
393:	1 
3930:	1 
3931:	1 
3933:	2 
3934:	1 
3935:	1 
3937:	1 1 1 3 4 1 1 1 2 
3938:	1 
3939:	1 1 
394:	2 
3941:	1 
3942:	1 2 
3945:	3 7 
3946:	1 
3947:	1 1 
3949:	2 2 1 3 7 6 
3950:	1 
3951:	8 
3954:	1 
3955:	6 1 1 1 1 1 1 
3956:	1 1 
3957:	1 8 
3958:	1 5 2 
3959:	3 2 
396:	1 
3960:	2 
3962:	1 
3963:	1 
3964:	1 2 2 3 1 
3965:	14 5 3 19 1 
3967:	1 1 
3968:	1 
397:	1 2 2 4 
3970:	2 
3972:	1 
3973:	4 
3976:	1 
3977:	1 1 1 1 
3978:	2 
3981:	5 3 
3982:	1 
3983:	1 2 6 
3984:	2 
3985:	1 
3986:	1 1 2 
3987:	1 1 
3988:	2 1 
3989:	1 2 
399:	1 
3990:	3 15 8 2 8 3 1 3 
3991:	4 3 
3993:	1 2 1 2 3 4 2 
3994:	1 5 1 
3995:	1 1 
3996:	2 
3997:	1 
3998:	4 4 
3999:	2 
4:	1 
400:	3 
4000:	4 
4002:	1 3 
4004:	42 1 6 2 1 6 4 1 
4006:	1 1 1 3 6 2 7 1 
4007:	1 2 
4008:	2 1 1 1 
4009:	1 
4010:	2 8 2 1 2 1 3 1 
4013:	2 
4014:	2 2 3 1 
4015:	1 9 5 5 2 4 
4016:	2 
4017:	1 
4018:	3 3 1 2 1 
4019:	2 1 
4020:	1 
4022:	2 1 
4023:	1 
4024:	1 10 4 1 
4025:	4 1 1 
4026:	1 1 1 
4028:	1 10 3 8 1 
4029:	2 5 4 
403:	7 1 3 
4030:	1 
4031:	3 5 1 4 
4032:	1 
4034:	5 
4036:	2 
4037:	2 
404:	5 2 1 2 2 
4040:	1 1 
4041:	3 
4042:	2 
4043:	2 4 7 9 2 2 5 4 3 1 6 1 1 
4044:	1 1 
4045:	2 
4046:	1 
4049:	2 3 7 
405:	1 
4050:	3 3 8 1 1 1 
4051:	1 2 
4052:	1 2 
4053:	1 
4055:	1 1 
4058:	2 
4059:	2 
406:	1 
4060:	3 
4061:	3 
4062:	1 
4063:	1 1 3 1 2 
4064:	1 1 1 
4065:	13 6 8 16 1 2 
4066:	1 1 
4067:	1 
4068:	21 36 4 3 3 3 5 4 8 2 3 26 1 2 2 3 1 3 1 
4069:	2 8 1 
407:	1 
4071:	1 
4072:	2 34 
4073:	17 6 3 
4074:	1 2 
4075:	1 2 
4076:	1 1 
4077:	1 
4079:	2 1 1 
408:	2 
4080:	2 
4081:	1 1 1 
4082:	1 
4084:	1 
4085:	2 1 
4087:	1 1 
4088:	2 4 12 1 1 
4089:	1 
409:	1 
4091:	3 1 
4093:	2 
4094:	2 6 
4097:	1 5 1 
4098:	2 
4099:	1 4 
41:	3 
410:	11 
4100:	1 1 
4101:	1 14 6 3 
4102:	6 2 
4103:	2 
4104:	3 1 
4107:	1 1 
4109:	3 9 3 12 3 1 
411:	3 1 4 
4111:	2 1 1 1 1 
4112:	1 4 3 4 
4113:	1 
4114:	4 6 9 2 2 3 
4115:	2 
4116:	2 1 2 3 7 1 1 
4117:	1 1 3 1 1 
4118:	1 
4119:	1 
4120:	2 
4121:	1 
4122:	1 1 
4123:	3 
4124:	3 
4125:	1 1 
4126:	2 1 2 
4127:	1 2 1 3 6 6 3 4 5 
4128:	2 
4129:	2 7 7 1 6 2 1 2 4 1 
413:	8 
4131:	1 1 1 1 
4132:	1 
4133:	2 1 1 1 
4134:	1 2 1 
4136:	3 5 
4137:	1 3 
4138:	2 
4139:	3 1 2 1 1 
414:	1 
4142:	1 10 4 5 2 1 1 
4143:	2 1 
4145:	2 1 
4146:	1 1 1 3 
4147:	1 2 
4148:	6 5 
4149:	2 3 1 2 1 
415:	5 5 1 
4150:	1 
4151:	1 
4152:	2 3 
4153:	5 2 1 1 
4154:	1 1 6 2 2 11 3 
4155:	1 1 
4156:	2 
4157:	2 
4158:	1 
4159:	1 9 
416:	1 1 
4161:	1 
4165:	2 
4166:	1 
4167:	1 1 
4168:	2 1 
4169:	2 8 
417:	2 
4172:	1 1 1 1 1 2 2 
4174:	2 1 
4175:	2 
4176:	1 1 
4177:	1 1 
4178:	3 6 
4179:	1 6 3 1 2 5 5 6 
418:	3 2 
4180:	2 1 
4181:	1 
4182:	1 1 15 5 2 
4183:	2 
4184:	2 1 1 
4186:	1 11 3 7 1 1 1 
4188:	1 
4189:	1 1 1 
419:	1 1 2 
4190:	2 
4191:	4 
4192:	2 
4193:	2 
4194:	4 2 3 2 
4195:	1 1 1 9 2 2 3 1 2 7 
4196:	3 
4197:	4 3 5 
4198:	2 1 
4199:	2 
42:	5 3 
420:	2 
4200:	6 1 
4201:	2 
4208:	1 
4209:	1 
4210:	2 
4211:	1 9 11 
4212:	1 
4213:	1 
4214:	1 2 
4215:	3 1 1 
4216:	2 2 2 
4217:	4 
4218:	1 
4219:	1 
422:	1 5 
4220:	1 
4222:	2 
4223:	1 
4225:	11 1 
4226:	1 
4227:	1 
4229:	2 
4230:	1 
4231:	14 
4232:	2 1 
4233:	1 22 4 15 2 11 
4234:	2 1 
4237:	1 3 
4238:	1 6 
4241:	6 5 1 4 2 
4244:	1 
4245:	1 6 
4247:	1 2 
4248:	1 
4249:	8 1 
4250:	1 
4251:	11 6 
4252:	1 3 
4253:	5 1 4 2 
4255:	2 1 5 1 1 2 1 
4256:	1 2 3 2 16 2 1 2 2 
4258:	1 1 
4259:	2 
426:	1 1 3 1 2 
4260:	1 1 
4261:	1 2 1 1 
4262:	1 
4263:	1 
4264:	4 2 2 
4265:	2 1 3 6 1 1 1 
4266:	1 
4268:	2 13 
4270:	1 5 2 6 5 1 1 2 
4271:	9 4 1 1 1 1 
4273:	1 6 
4274:	1 
4275:	5 
4276:	6 1 
4277:	3 14 
4278:	1 
4280:	2 
4281:	1 1 
4282:	2 1 1 
4284:	2 4 
4285:	1 1 2 3 15 1 
4286:	4 
4288:	1 4 
4289:	1 
4290:	2 
4292:	2 1 3 
4293:	3 
4294:	2 1 
4295:	2 
4296:	3 
4298:	2 1 2 
4299:	14 33 5 2 8 
4300:	3 1 1 1 1 
4301:	3 
4302:	2 
4303:	1 
4304:	1 
4305:	1 
4306:	5 26 2 
4308:	1 
4309:	2 2 
4312:	2 1 
4313:	2 
4314:	4 1 2 4 1 1 4 3 1 
4316:	1 
4317:	2 
4318:	1 1 
4319:	1 
432:	3 1 5 
4320:	1 
4321:	7 2 
4322:	2 
4323:	3 
4324:	1 
4325:	1 
4326:	2 9 9 
4327:	4 3 
4328:	5 3 1 
4329:	3 1 
433:	3 
4330:	3 6 3 
4332:	1 1 
4333:	1 
4334:	1 
4335:	1 1 1 1 
4336:	2 2 
4338:	1 4 
4339:	1 
434:	2 2 3 1 
4340:	1 2 
4341:	1 1 
4342:	1 1 
4343:	1 4 3 
4344:	2 2 1 1 1 
4345:	1 1 1 1 
4346:	1 
4347:	3 7 14 1 4 4 4 1 3 7 
4349:	1 
435:	1 
4351:	1 
4352:	3 2 3 2 
4355:	1 1 2 
4356:	2 
4358:	3 
4359:	4 
4360:	1 
4361:	1 
4362:	2 
4363:	1 1 
4364:	5 1 4 
4366:	1 
4367:	2 2 1 4 6 5 3 8 1 3 2 4 
4368:	3 5 3 
4369:	1 2 2 3 33 21 
437:	6 
4370:	1 
4371:	1 
4372:	1 
4373:	1 8 
4374:	1 
4375:	1 
4376:	3 2 
4378:	2 7 2 1 
4380:	1 
4381:	1 
4382:	1 
4383:	4 1 
4384:	1 
4385:	2 
4386:	3 10 4 2 2 2 1 7 3 3 
4387:	3 1 5 1 
4388:	2 1 3 
4389:	1 
4390:	7 2 1 1 
4391:	1 
4392:	1 1 11 4 
4393:	1 
4394:	3 7 3 
4395:	2 3 5 
4397:	1 3 7 
4398:	1 
4399:	2 4 
440:	1 4 
4400:	1 2 1 
4401:	2 
4402:	1 2 4 
4403:	3 
4405:	2 
4406:	1 3 1 1 2 
4407:	9 
441:	1 2 13 
4410:	1 
4411:	1 
4412:	1 2 8 
4414:	1 1 1 
4416:	5 5 1 3 
4417:	3 2 2 
4418:	1 
4419:	2 1 
442:	1 1 1 
4420:	2 
4421:	2 1 
4422:	1 
4423:	1 1 
4424:	2 1 7 1 1 
4425:	2 11 
4426:	2 4 1 1 
4427:	1 1 
4428:	1 
4430:	2 1 
4431:	1 1 
4433:	1 
4435:	2 1 
4436:	1 
4437:	1 
4438:	1 
4439:	2 
4440:	2 
4441:	2 
4442:	1 1 1 4 1 1 1 
4443:	1 
4444:	1 
4445:	1 
4446:	2 1 
4448:	1 3 
4449:	1 1 
4451:	1 2 
4453:	1 
4454:	3 
4455:	2 
4457:	1 
4458:	3 16 
4459:	1 
4460:	1 1 
4461:	2 1 2 1 1 
4462:	1 2 
4464:	1 
4465:	5 3 
4466:	2 
4467:	2 5 
4468:	1 
4469:	1 
4470:	1 
4471:	1 
4473:	2 1 
4474:	4 
4475:	2 
4477:	1 
4478:	4 
4480:	1 1 2 4 1 4 4 
4481:	2 1 
4483:	3 1 
4484:	2 
4485:	2 1 
4486:	1 
4487:	1 2 
4488:	2 
4489:	1 
4491:	1 
4492:	2 
4493:	1 
4494:	2 
4495:	1 
4496:	1 
4497:	1 
4499:	1 1 
45:	1 5 
4500:	1 
4501:	5 4 7 
4502:	1 
4503:	1 
4504:	2 
4505:	4 
4506:	1 1 
4507:	1 
4510:	1 
4512:	1 
4513:	1 4 1 3 7 1 3 7 
4514:	1 1 7 1 1 2 
4515:	2 
4516:	1 
4517:	2 
4518:	2 
4521:	1 
4522:	2 
4524:	2 
4527:	2 2 
4528:	1 
4529:	2 1 1 2 
453:	1 
4530:	2 
4531:	2 
4532:	1 1 18 1 1 1 4 
4533:	3 1 
4535:	1 
4536:	2 1 4 6 1 5 8 4 1 1 
4537:	10 2 2 3 
4538:	1 5 9 5 1 1 
4539:	1 1 
454:	2 
4540:	2 1 
4541:	2 
4542:	1 
4545:	1 
4546:	1 
4547:	1 6 
4548:	2 
4549:	2 5 5 2 
4550:	2 
4551:	1 
4553:	3 
4555:	1 2 3 1 
4556:	2 6 5 1 
4557:	1 2 
4558:	1 
456:	1 
4561:	4 
4563:	2 1 2 4 1 1 2 
4564:	1 
4565:	1 4 2 3 1 
4566:	4 
4568:	2 
4570:	3 1 3 1 1 1 
4571:	1 1 
4572:	6 
4573:	1 
4574:	1 
4575:	3 1 1 1 
4578:	1 1 
4579:	1 1 12 2 2 2 2 18 
458:	1 
4580:	1 1 2 1 
4582:	1 
4585:	2 
4586:	1 
4588:	2 1 
4589:	1 
459:	5 1 1 1 1 1 4 1 
4590:	1 
4592:	2 
4593:	1 
4594:	3 1 1 
4596:	1 
4597:	2 
4599:	2 1 2 1 1 3 
46:	4 
4600:	1 5 1 1 1 1 2 
4603:	1 
4604:	1 3 6 
4606:	1 
4608:	2 
4609:	2 1 1 
4610:	3 
4611:	2 4 1 
4612:	1 1 16 1 5 2 2 1 
4614:	1 
4617:	5 
4618:	2 1 1 
4619:	6 
462:	1 1 
4620:	1 1 
4622:	2 
4623:	1 1 1 1 2 
4624:	2 1 4 1 3 
4625:	1 2 4 5 
4626:	2 
4627:	2 1 2 
4629:	1 
463:	1 
4630:	1 2 
4631:	1 
4632:	2 
4633:	1 8 2 4 4 5 4 7 2 2 4 2 
4634:	3 4 2 
4635:	1 
4636:	1 
4637:	1 
4638:	2 
4639:	3 1 
464:	1 1 2 2 1 1 1 3 4 3 1 1 1 1 
4640:	1 
4641:	1 
4642:	8 3 
4643:	1 
4644:	1 1 2 4 
4645:	1 1 
4646:	1 33 2 7 2 1 5 
4647:	2 
4648:	2 
4649:	2 6 1 2 5 
4652:	1 1 3 1 2 1 1 
4653:	2 3 1 1 2 4 1 5 
4654:	9 3 
4655:	3 3 1 
4656:	3 
4658:	1 
4659:	1 
4660:	2 
4661:	1 2 4 
4662:	1 
4664:	1 
4665:	3 
4666:	1 
4667:	1 1 
4668:	1 4 2 2 2 1 
4669:	1 
4671:	1 
4673:	1 
4674:	1 3 1 2 1 
4675:	1 20 1 1 5 2 1 2 
4676:	1 3 
4678:	1 
4679:	1 1 
468:	1 1 3 5 
4681:	1 
4682:	2 2 
4684:	2 
4685:	1 9 
4686:	1 1 1 
4688:	1 1 2 
469:	1 8 2 8 1 1 2 
4690:	2 
4691:	2 
4692:	1 
4695:	1 
4696:	1 
4697:	1 1 1 
4698:	4 
4699:	3 1 
47:	1 1 
470:	1 
4700:	1 1 2 
4701:	1 
4702:	2 1 1 2 1 
4703:	5 19 3 4 
4704:	1 6 1 1 2 
4706:	1 
4707:	3 
4708:	2 
4709:	1 4 1 2 3 5 
471:	1 6 2 
4710:	1 2 3 2 2 2 3 3 
4711:	1 5 1 
4712:	4 
4713:	5 
4714:	2 
4716:	1 3 3 1 2 2 2 1 1 10 1 
4717:	1 
4719:	2 
4721:	2 1 1 
4722:	1 2 
4723:	2 
4724:	1 1 
4726:	2 
4727:	1 
4728:	1 
473:	3 
4731:	2 
4733:	2 
4734:	1 5 1 1 3 
4735:	6 1 2 1 
4736:	4 2 
4737:	1 5 
4738:	1 
4739:	2 1 
474:	1 
4740:	2 6 2 1 
4741:	3 
4742:	3 
4743:	1 8 2 
4745:	1 
4747:	1 
4748:	2 1 
4749:	4 
475:	3 2 2 
4750:	2 1 2 3 6 1 
4751:	1 3 4 3 
4752:	2 1 
4755:	1 
4756:	1 
4757:	4 4 2 8 1 6 
476:	3 
4760:	2 1 
4761:	1 2 2 1 
4762:	1 
4763:	1 
4764:	1 
4765:	1 2 4 
4767:	3 7 1 1 3 7 
4768:	1 
477:	4 5 2 1 4 3 
4773:	1 2 
4774:	1 
4775:	1 3 3 2 1 2 
4776:	2 3 2 
4777:	3 2 1 
4778:	1 4 1 
4779:	2 
4780:	1 2 
4781:	2 
4785:	1 1 
4786:	2 
4787:	1 
4790:	1 3 11 
4791:	1 
4792:	2 2 1 1 
4794:	1 3 1 3 2 
4795:	2 1 
4796:	1 
4797:	11 2 6 5 
4798:	1 
4799:	2 3 
48:	9 2 3 
480:	3 
4800:	2 
4801:	2 1 
4802:	1 3 1 
4803:	1 
4804:	1 
4805:	1 
4806:	1 
4807:	4 
4808:	1 1 
4809:	1 
481:	2 
4810:	3 1 2 
4811:	4 2 
4812:	2 2 1 
4813:	1 2 
4814:	2 1 
4815:	2 
4816:	5 5 
4817:	13 1 
4818:	2 2 1 2 2 6 1 
482:	1 
4820:	2 
4823:	2 
4824:	1 
4825:	2 2 
4827:	8 3 6 1 
483:	3 
4831:	2 
4832:	3 2 
4833:	1 
4834:	1 2 3 
4835:	1 
4837:	1 2 
4838:	1 
4839:	1 
484:	8 
4840:	10 4 5 3 
4841:	2 1 3 1 2 
4842:	2 2 4 7 6 
4843:	3 1 
4844:	4 
4845:	5 
4846:	3 3 
4847:	2 1 26 9 
4849:	3 1 1 
485:	2 1 
4851:	1 14 5 4 2 
4852:	1 
4853:	1 8 4 
4854:	1 2 
4856:	1 1 
4857:	4 3 
4858:	1 2 2 
4859:	1 2 17 
486:	1 1 5 3 
4860:	3 
4861:	1 1 
4862:	2 12 3 4 
4863:	1 
4864:	1 
4866:	7 
4867:	1 1 3 
4868:	3 
4869:	4 
487:	4 
4870:	1 1 
4873:	1 1 11 19 2 11 4 2 
4875:	2 
4876:	2 1 3 
4878:	2 
4879:	1 
488:	1 
4880:	1 
4881:	1 3 
4882:	1 
4883:	2 
4884:	2 4 
4885:	1 
4886:	1 1 
4887:	1 
4888:	1 1 
4889:	1 
489:	1 2 
4891:	1 6 
4892:	2 1 
4893:	4 1 3 
4894:	1 1 1 2 
4895:	1 
4896:	2 1 
4897:	4 1 
4898:	3 1 1 
4899:	1 1 
4901:	1 
4902:	1 1 
4903:	1 
4904:	2 
4905:	3 
4907:	2 
4908:	2 1 3 
4909:	2 
4910:	1 
4912:	1 
4913:	2 4 2 7 1 2 6 12 1 7 3 
4914:	1 3 3 1 6 
4915:	8 4 1 1 2 1 2 23 2 3 5 1 
4916:	5 2 2 1 2 4 3 1 
4917:	1 1 
4918:	1 
4921:	5 1 
4922:	1 5 
4923:	2 
4924:	1 1 
4925:	8 1 
4927:	1 
4928:	1 3 
4930:	14 1 2 4 4 1 
4931:	1 3 9 
4934:	1 12 3 1 2 1 5 2 1 4 2 3 
4937:	2 2 
4938:	1 5 2 
4939:	4 
4940:	1 
4941:	3 3 
4944:	2 1 8 1 2 9 
4945:	1 
4946:	1 
4947:	3 2 
4948:	2 2 2 
4949:	3 10 
4952:	2 
4953:	1 
4954:	1 
4955:	1 1 
4956:	2 
4957:	1 
4958:	14 3 2 1 2 3 1 1 
4959:	2 1 
496:	2 
4960:	1 9 5 2 1 3 1 4 1 
4961:	1 2 2 3 5 4 3 6 1 
4962:	1 
4964:	1 
4965:	1 1 
4966:	1 1 
4967:	1 1 
4968:	1 
497:	1 1 1 8 8 2 2 7 8 2 
4970:	1 
4971:	1 
4973:	1 1 1 2 2 
4974:	6 
4975:	1 1 1 
4976:	20 
4978:	2 1 2 2 
4979:	2 2 5 3 
4981:	4 2 1 7 1 
4982:	1 
4983:	2 
4984:	1 1 
4985:	1 1 
4987:	3 
4989:	1 
4990:	1 3 2 
4991:	2 
4992:	1 1 
4993:	1 4 3 3 2 1 1 1 1 1 
4994:	12 
4995:	1 
4996:	1 
4997:	1 1 7 
4998:	3 
4999:	2 2 
5:	3 
500:	1 
5002:	2 1 
5003:	1 1 
5004:	3 
5005:	1 
5006:	1 4 
5007:	2 2 
5008:	1 
5009:	1 
501:	3 26 
5011:	2 
5013:	2 
5016:	2 
5017:	2 
5018:	2 2 2 
5019:	1 
502:	2 
5020:	2 
5022:	1 
5023:	1 
5025:	2 
5026:	29 
5028:	1 4 4 
5029:	1 2 
503:	2 
5030:	2 
5031:	2 
5033:	1 
5034:	3 1 
5035:	1 
5036:	1 3 1 
5037:	1 1 1 
5038:	1 1 5 
5039:	1 
504:	4 
5040:	2 
5041:	1 
5042:	1 
5044:	2 
5045:	1 9 2 3 
5047:	4 
5048:	1 
5049:	1 5 7 
505:	2 
5050:	2 
5051:	1 
5052:	1 2 
5053:	1 
5055:	1 2 2 
5056:	2 
5057:	1 1 1 1 3 
5058:	2 
5059:	2 3 2 1 
5060:	4 2 
5062:	1 2 1 2 3 1 
5063:	1 1 
5064:	2 7 1 1 1 
5065:	1 1 
5067:	1 3 2 1 
5068:	2 2 2 11 
5069:	1 
5072:	1 1 1 1 
5073:	2 
5075:	1 
5076:	6 9 1 6 1 4 1 
5078:	3 
5079:	2 
5080:	4 1 5 1 
5082:	3 15 
5083:	1 
5085:	2 
5086:	1 
5087:	2 3 15 
5088:	1 
5089:	1 3 1 1 4 1 1 3 1 
5090:	2 1 1 7 8 4 
5091:	2 
5092:	1 2 
5093:	3 1 
5094:	3 
5095:	1 1 3 
5096:	7 
5097:	4 
5098:	1 2 4 10 8 
510:	2 
5101:	1 1 
5102:	6 5 3 
5103:	1 
5104:	3 
5105:	2 1 2 
5106:	1 
5107:	4 1 2 4 2 
5109:	1 
511:	1 
5110:	1 1 
5112:	1 2 1 2 1 
5113:	1 8 
5114:	3 
5115:	1 2 
5116:	2 
5118:	1 2 2 4 
5119:	2 1 
512:	1 
5122:	1 1 5 1 
5124:	2 1 
5125:	1 1 
5126:	1 
5127:	3 1 
5128:	2 
5129:	1 
513:	1 
5130:	1 1 
5131:	2 1 
5132:	1 
5133:	1 3 
5134:	2 
5135:	4 3 
5137:	1 
5138:	4 
5139:	2 
514:	4 
5140:	2 
5142:	1 3 13 2 18 
5143:	1 3 
5144:	6 3 2 1 2 3 1 
5146:	1 2 
5147:	1 5 10 1 1 
5149:	1 4 
5150:	2 6 2 
5152:	7 
5153:	3 2 
5155:	1 
5156:	2 1 16 2 1 3 
5157:	1 
5158:	1 
5159:	2 2 1 3 
5160:	1 1 
5161:	1 
5162:	1 
5163:	1 
5164:	2 
5166:	1 
5167:	1 2 
5168:	9 12 
5169:	1 
5170:	4 
5171:	3 2 
5172:	1 
5173:	1 2 
5174:	1 
5175:	3 1 1 5 
5176:	7 10 1 7 6 7 3 5 2 3 1 5 1 3 2 
5177:	1 1 1 
5178:	3 1 1 
5179:	1 
5181:	2 4 
5182:	1 
5183:	1 
5186:	1 
5187:	1 
5188:	1 1 
5189:	1 3 5 
5190:	2 
5191:	1 
5192:	2 2 1 
5193:	1 
5194:	1 
5195:	4 
5196:	2 1 2 
5197:	1 3 5 1 1 3 
5198:	4 
5199:	1 1 
520:	2 1 
5200:	1 3 4 1 1 
5201:	1 
5202:	1 2 
5203:	3 
5204:	1 3 
5205:	2 
5206:	2 1 1 1 1 4 
5207:	1 2 1 1 
5208:	1 
5209:	2 
521:	2 1 3 
5210:	5 
5211:	6 
5212:	4 1 1 4 2 
5213:	1 2 
5214:	1 1 
5216:	2 2 
5217:	1 1 1 
5218:	2 
5219:	2 
522:	1 6 3 2 1 4 
5220:	1 1 1 
5221:	1 
5222:	2 
5223:	1 
5224:	1 
5225:	2 
5227:	4 2 2 1 7 15 4 
5229:	1 1 
5230:	4 10 4 26 3 1 4 
5233:	1 1 20 1 3 4 3 1 1 1 
5234:	1 5 
5236:	1 
5237:	4 3 1 
5238:	2 5 3 
5239:	1 1 1 
5241:	3 
5242:	1 
5243:	4 
5244:	1 
5245:	2 
5246:	2 
5248:	1 2 3 3 
5249:	1 
5251:	6 2 13 1 
5252:	1 3 3 6 2 1 1 1 
5253:	2 
5254:	1 2 3 8 10 1 5 1 1 
5255:	1 
5257:	1 
5259:	2 
526:	3 
5260:	3 2 
5261:	1 1 2 
5262:	2 2 4 
5264:	2 1 1 3 
5266:	1 1 7 
5267:	1 1 
5268:	1 1 4 11 6 4 3 2 4 
5269:	2 
527:	2 1 
5271:	3 1 2 2 
5272:	2 2 
5273:	1 2 1 4 
5275:	33 3 1 3 1 2 6 2 6 1 1 10 3 3 
5276:	2 1 6 1 
5277:	1 2 1 2 1 2 
5278:	1 5 1 
5279:	1 
528:	1 1 
5280:	1 1 1 1 4 
5281:	3 1 3 1 
5282:	3 3 4 2 
5283:	1 
5285:	1 
5286:	1 18 4 
5287:	1 
5288:	3 
5289:	1 
529:	1 7 2 4 
5290:	1 
5291:	1 1 
5292:	1 1 4 1 
5293:	2 
5294:	2 
5295:	2 2 2 4 5 1 
5296:	2 
5297:	1 
5298:	1 1 3 1 
5299:	1 2 1 
53:	10 
530:	3 
5300:	1 
5301:	1 2 
5302:	1 
5303:	1 4 
5305:	5 1 1 4 
5306:	1 
5307:	1 1 
5308:	2 2 2 
531:	4 1 2 8 
5310:	1 1 1 1 
5311:	1 
5312:	2 1 1 3 1 
5313:	3 1 3 
5314:	1 
5315:	1 1 1 
5316:	1 3 1 1 
5318:	2 3 2 
5320:	1 3 
5321:	2 1 
5322:	2 2 1 
5323:	2 6 11 
5324:	1 
5326:	1 2 11 11 
5327:	1 5 2 
5328:	2 
5329:	2 
5330:	1 
5331:	8 
5332:	1 
5334:	4 
5335:	1 1 3 
5336:	3 
5337:	2 2 1 1 2 1 2 2 1 10 2 
5338:	13 2 2 5 
5340:	1 
5341:	1 
5342:	1 3 
5343:	5 2 12 1 
5344:	1 1 1 2 4 9 
5345:	4 1 1 
5346:	1 1 
5347:	2 
5348:	3 
5349:	2 2 
5350:	1 
5351:	4 2 1 2 
5354:	2 
5355:	2 2 1 
5356:	4 
5357:	3 1 
5358:	1 
5359:	3 
536:	4 
5360:	2 
5361:	3 
5362:	1 3 1 1 1 
5363:	1 19 1 
5364:	11 1 7 4 2 2 3 3 
5366:	1 
5368:	2 
5369:	1 5 
537:	1 1 10 
5370:	1 2 
5371:	1 1 
5372:	2 
5375:	1 
5378:	1 
5379:	1 2 7 
5380:	1 
5381:	1 
5382:	1 2 
5383:	4 9 1 2 
5384:	5 2 1 1 1 3 
5385:	1 
5386:	12 2 3 3 3 2 7 
5387:	2 4 1 4 
5388:	1 6 
5389:	1 1 
539:	3 
5390:	3 
5391:	1 5 1 
5392:	1 
5393:	2 2 1 1 
5394:	3 1 
5395:	1 
5396:	2 1 
5398:	3 
5399:	1 
54:	1 3 
540:	1 
5400:	2 
5401:	3 
5402:	1 
5404:	10 8 3 5 4 1 1 
5405:	1 4 3 
5408:	3 13 6 
5409:	36 11 5 2 
541:	1 2 1 9 2 
5410:	7 1 
5411:	1 
5413:	2 
5415:	2 4 
5416:	2 
5417:	1 
5418:	1 
5419:	1 1 1 
5420:	1 2 6 
5422:	8 13 7 1 
5423:	1 
5426:	1 
5427:	2 1 
5428:	3 1 2 
5430:	1 10 
5431:	1 
5432:	3 2 
5433:	1 1 
5434:	4 3 1 3 5 3 
5435:	1 2 1 3 7 3 2 7 9 6 
5437:	9 
5438:	1 
5439:	2 
544:	1 
5440:	1 
5441:	2 1 
5442:	1 
5443:	1 2 1 
5444:	1 2 6 1 2 1 
5445:	12 9 2 6 9 3 
5446:	1 
5447:	1 2 
5449:	1 1 
545:	2 3 
5450:	2 
5451:	1 2 
5452:	3 
5453:	2 
5454:	1 
5455:	5 
5458:	5 1 4 6 1 1 
5459:	1 
546:	2 
5460:	3 
5464:	2 2 9 
5465:	9 
5466:	2 
5467:	1 
547:	1 
5470:	2 1 3 
5472:	2 1 1 7 
5473:	2 
5474:	3 
5475:	2 
5476:	3 
5477:	1 
5478:	2 1 
5479:	1 
5481:	1 1 
5482:	4 1 3 2 
5483:	2 
5484:	1 
5485:	1 4 1 
5486:	2 1 
5487:	2 
5488:	3 1 1 2 
5489:	2 
5490:	1 1 
5492:	1 2 5 1 2 3 2 
5494:	2 
5495:	2 
5496:	1 
5499:	2 
55:	1 1 1 1 
5500:	1 
5501:	2 1 
5502:	4 
5503:	1 2 1 1 4 1 1 
5504:	1 3 
5507:	3 2 
5508:	1 2 
5509:	1 2 9 
5510:	1 6 
5511:	1 
5512:	1 
5513:	1 1 
5515:	1 1 1 
5516:	2 
5517:	2 2 
5519:	2 3 4 1 
552:	1 1 
5520:	2 
5521:	8 
5523:	3 1 8 
5524:	1 1 
5525:	4 2 
5526:	2 11 5 2 
5527:	9 
5528:	2 
5529:	2 
553:	1 
5530:	8 5 4 1 
5531:	1 
5532:	1 
5533:	1 
5534:	1 1 1 
5535:	1 
5536:	1 2 
5537:	2 
5538:	1 1 
5539:	5 
554:	3 4 2 1 1 
5540:	1 
5542:	2 1 20 16 1 1 1 1 
5544:	1 1 
5545:	1 2 
5546:	4 3 2 
5547:	6 4 
5548:	1 1 1 
555:	1 1 
5551:	1 
5552:	2 3 6 1 1 4 1 2 1 1 1 1 
5553:	1 1 1 4 
5554:	2 2 
5555:	1 
5556:	2 1 1 1 1 
5557:	3 6 19 5 5 1 6 2 1 
5558:	1 
5559:	2 
556:	6 3 
5561:	3 
5563:	2 2 4 8 9 1 1 2 
5564:	1 2 1 
5565:	1 8 5 4 3 3 3 11 
5566:	1 2 
5567:	1 
5569:	2 2 1 3 13 12 2 3 2 5 5 1 1 
557:	1 
5570:	3 11 2 4 
5571:	1 
5572:	1 
5574:	1 
5575:	1 1 
5576:	1 2 2 
5577:	2 1 
5578:	1 1 1 
5579:	1 6 
5580:	2 
5581:	2 
5582:	1 
5583:	1 1 2 1 
5584:	1 
5585:	2 
5588:	8 3 4 3 11 1 1 1 
5589:	1 1 
559:	1 
5590:	1 
5591:	1 2 
5593:	1 1 2 
5594:	1 3 1 4 
5596:	1 1 
5597:	2 
5598:	2 
5599:	1 
56:	1 
5600:	2 3 
5601:	1 2 3 8 2 
5602:	1 1 
5603:	1 1 2 2 
5604:	1 5 1 1 3 1 3 2 1 1 1 1 1 
5606:	1 1 
5607:	2 1 
5608:	5 14 2 3 4 5 5 
5609:	1 
561:	3 2 
5610:	1 
5611:	2 
5612:	1 
5613:	4 4 3 15 1 2 2 
5614:	2 1 
5615:	1 4 4 
5616:	1 2 1 1 4 
5617:	3 7 
5619:	1 
5621:	1 1 
5622:	2 
5624:	1 
5625:	3 
5626:	1 
5628:	1 1 
5629:	2 1 
563:	1 1 
5630:	5 
5631:	1 
5633:	2 
5636:	3 2 4 3 
5637:	2 2 
5639:	9 5 2 
564:	2 1 1 2 
5640:	7 
5641:	2 1 
5642:	2 8 1 1 3 
5643:	1 1 1 
5644:	1 2 
5645:	2 3 
5646:	1 2 6 2 
5647:	1 
565:	1 
5650:	4 2 2 
5651:	1 
5652:	2 1 
5654:	1 4 1 1 
5655:	3 
5656:	5 
5657:	1 
5658:	2 
566:	2 
5660:	1 
5661:	2 1 7 2 1 7 9 
5662:	1 
5663:	1 1 1 
5664:	12 4 1 1 1 
5665:	2 
5667:	1 1 
5668:	15 1 6 2 2 1 2 
5669:	3 
567:	2 
5670:	6 2 4 7 6 8 5 1 
5672:	1 
5673:	3 3 
5674:	8 9 1 1 1 
5675:	2 
5676:	1 2 3 
5677:	4 3 
568:	2 
5680:	1 1 4 
5681:	1 
5682:	1 9 3 
5683:	3 
5684:	3 
5685:	1 
5686:	1 2 1 40 
5687:	4 2 8 
5690:	1 1 4 2 5 1 
5691:	1 
5693:	1 
5694:	2 5 
5695:	2 2 4 4 1 
5696:	3 
5697:	3 
5698:	15 10 
5699:	1 
57:	1 1 
5701:	4 2 1 9 1 1 4 1 1 
5703:	1 1 
5704:	1 
5705:	1 2 1 
5706:	1 1 
5707:	1 
5708:	2 1 
5709:	2 
5710:	4 4 
5711:	3 1 
5712:	2 
5713:	2 
5714:	1 
5717:	2 
5718:	11 
5719:	3 
572:	1 
5721:	2 
5723:	10 
5724:	2 1 
5725:	4 
5726:	2 
5728:	7 1 1 4 
5729:	2 
573:	4 1 1 4 
5730:	1 3 
5731:	1 
5732:	1 
5733:	2 5 
5735:	1 
5736:	5 13 2 1 2 3 
5737:	1 
5738:	1 
5739:	1 
574:	1 1 1 
5741:	1 
5742:	1 
5743:	1 1 4 7 
5744:	2 1 2 13 4 1 
5745:	1 3 1 1 1 1 1 1 2 
5746:	1 1 1 
5747:	1 
5748:	2 
5749:	5 
5750:	1 
5752:	1 
5753:	1 
5755:	1 
5756:	1 
5757:	1 
5758:	1 
5759:	1 
576:	2 
5760:	1 
5761:	1 1 
5762:	1 
5763:	3 
5764:	2 1 1 1 1 
5766:	2 
5767:	1 
5768:	1 1 1 5 
577:	4 7 1 
5770:	1 3 3 5 2 2 1 2 4 
5772:	1 3 
5773:	1 1 
5774:	1 
5775:	2 
5777:	2 1 
5778:	1 5 1 2 
578:	1 1 
5780:	1 1 1 1 1 2 7 6 5 1 1 1 
5781:	1 10 1 
5782:	2 
5783:	3 1 
5784:	1 1 2 
5785:	1 
5786:	1 
5787:	1 
5788:	1 1 2 
579:	2 
5790:	1 
5791:	1 
5792:	1 
5795:	1 
5796:	1 
5797:	1 
5798:	1 1 
5799:	2 1 
58:	1 
5800:	1 
5801:	1 5 3 
5802:	3 
5803:	1 
5805:	1 
5806:	2 1 1 1 
5807:	3 
5808:	1 1 2 1 5 
5809:	3 
581:	1 
5812:	1 
5813:	2 1 1 
5814:	1 
5815:	5 
5816:	4 1 25 8 10 1 3 2 3 2 15 1 1 5 
5817:	13 1 3 1 4 1 
5818:	1 2 
5819:	2 
582:	1 6 1 3 2 1 3 1 
5820:	1 
5821:	1 
5822:	1 4 1 5 2 4 
5823:	1 
5824:	2 
5825:	1 
5826:	1 3 
5827:	2 
5829:	1 4 
583:	1 10 1 2 2 4 5 3 
5831:	4 1 6 15 2 4 
5832:	1 8 4 8 2 
5833:	5 1 5 3 2 
5834:	2 
5835:	3 1 1 
5836:	4 
5837:	2 
5838:	3 3 2 1 6 20 1 
5839:	1 8 1 
584:	5 1 
5840:	2 
5841:	3 
5842:	1 
5843:	1 1 
5844:	9 6 4 
5846:	1 
5847:	1 
5848:	1 
585:	4 2 1 
5850:	1 
5851:	4 4 
5852:	1 4 2 4 1 
5853:	31 
5854:	1 
5855:	1 1 1 1 4 6 
5856:	1 1 1 1 4 6 9 4 4 7 1 
5857:	1 1 
5859:	3 
586:	8 6 2 
5860:	2 
5861:	3 
5862:	1 1 1 11 3 8 10 5 2 
5863:	3 3 3 1 
5866:	2 
5867:	1 9 9 
5868:	29 16 1 10 6 6 5 3 
587:	1 2 
5870:	4 1 3 2 
5871:	2 11 2 2 2 2 1 6 9 1 1 
5873:	1 
5874:	3 2 1 
5875:	1 
5876:	1 2 1 2 
5877:	1 
5879:	1 
588:	11 3 2 
5881:	1 
5882:	2 
5883:	2 
5884:	1 3 
5885:	2 2 3 
5887:	1 1 
5888:	2 
5889:	2 
589:	2 
5890:	1 4 
5893:	1 1 2 2 6 
5894:	1 
5895:	1 3 
5898:	1 
5899:	7 
59:	1 
590:	2 2 
5900:	2 1 1 
5901:	2 2 6 1 2 
5902:	1 1 2 
5903:	4 1 1 
5904:	3 
5905:	1 
5906:	1 
5908:	4 
5909:	2 1 
591:	1 1 
5912:	3 
5913:	6 4 
5914:	1 
5916:	1 48 7 4 2 2 4 3 
5917:	1 
5918:	10 8 2 
592:	2 2 
5920:	2 9 3 3 
5921:	1 
5923:	1 
5924:	1 
5925:	3 
5926:	1 5 
5928:	2 
5929:	6 9 
593:	2 
5930:	1 
5931:	2 1 
5932:	2 1 1 1 
5933:	3 
5934:	3 2 2 
5935:	1 2 
5936:	2 1 
5938:	4 
594:	2 1 5 1 3 
5940:	4 2 11 2 9 2 1 4 
5941:	4 
5942:	1 16 1 2 1 1 
5943:	1 
5944:	1 
5945:	2 
5946:	1 12 4 
5947:	2 
5948:	1 1 1 1 
5949:	3 1 2 
595:	2 1 1 
5951:	5 1 4 
5952:	1 2 8 31 5 2 
5954:	2 
5955:	1 2 
5956:	1 
5959:	1 
596:	1 3 
5960:	3 4 3 3 
5961:	2 
5963:	7 2 7 9 
5964:	1 
5965:	3 
5966:	5 1 
5969:	1 1 
597:	9 4 
5970:	1 1 
5972:	1 1 
5973:	1 3 2 1 1 2 5 4 
5975:	5 2 1 1 
5976:	3 7 
5977:	1 1 3 
5978:	4 
598:	1 3 
5980:	1 1 3 
5981:	1 3 2 
5982:	1 3 12 2 7 11 7 1 2 2 
5984:	1 3 3 
5985:	6 1 
5987:	1 
5989:	1 
599:	1 1 
5990:	2 
5993:	2 
5994:	1 
5996:	1 1 
5997:	1 
5999:	1 
6:	3 
60:	1 
600:	1 
6000:	1 
6001:	3 6 4 2 3 2 4 1 8 1 2 
6002:	1 
6003:	1 
6004:	2 
6006:	1 
6007:	1 1 
6008:	1 2 1 1 1 
6009:	1 
601:	5 2 
6010:	4 1 1 1 
6012:	1 
6016:	3 
6017:	1 1 3 
6018:	1 1 
6019:	1 2 
6020:	1 
6021:	1 1 
6022:	1 1 
6023:	2 3 
6025:	1 
6028:	1 2 4 1 
6030:	1 1 
6031:	1 
6032:	1 
6034:	1 3 2 1 
6035:	1 
6036:	4 
6037:	1 
6039:	2 1 
604:	2 
6040:	3 
6041:	2 
6042:	1 
6043:	1 
6044:	3 1 1 
6045:	2 2 
6046:	1 
6047:	1 
6048:	1 
6053:	2 1 
6054:	3 
6056:	3 2 
6057:	1 
6058:	3 
6059:	2 
606:	1 4 6 
6060:	2 
6063:	1 1 1 
6064:	3 1 
6067:	1 1 4 1 
6068:	1 
607:	1 2 1 
6073:	1 2 
6074:	1 1 1 4 
6076:	1 3 
6078:	1 
608:	7 
6080:	2 
6081:	2 
6082:	2 2 
6083:	1 5 5 
6084:	6 
6085:	1 
6088:	1 
6089:	4 1 1 1 7 
609:	18 
6092:	2 
6094:	2 1 
6096:	9 5 
6097:	2 1 
6098:	2 
6099:	1 4 4 2 1 
61:	1 1 6 10 
6101:	6 3 9 2 
6102:	1 2 3 4 4 
6103:	1 
6104:	3 
6105:	1 1 1 3 
6107:	1 
6108:	2 
6109:	3 
611:	2 
6110:	1 
6111:	1 
6112:	2 
6113:	2 
6114:	1 2 4 2 1 3 2 
6115:	1 
6116:	2 
6117:	1 
6118:	2 
6121:	4 1 
6122:	2 
6123:	3 
6124:	1 
6125:	1 2 
6126:	1 
6128:	3 
6129:	7 1 3 
6130:	1 1 
6131:	4 
6132:	1 3 1 1 
6133:	2 3 
6134:	3 
6136:	3 
6139:	2 
614:	1 2 1 10 4 3 
6140:	13 14 5 5 5 1 4 
6141:	1 
6142:	2 1 
6143:	1 2 
6144:	1 
6146:	1 2 1 1 1 
6147:	4 9 3 
6148:	2 
6149:	2 
615:	1 1 
6150:	1 
6151:	2 1 
6152:	2 2 
6153:	1 
6154:	2 
6155:	1 
6156:	1 
6157:	2 1 
6158:	3 1 
6159:	2 
616:	3 
6160:	1 1 
6161:	2 3 1 
6162:	5 1 
6163:	1 
6164:	1 1 
6166:	1 1 1 
6167:	3 7 
6168:	1 3 4 3 1 5 1 
6169:	3 1 
617:	1 
6170:	2 
6171:	2 
6172:	1 
6174:	5 10 6 3 1 
6175:	1 
6176:	3 1 1 1 3 3 6 
6177:	2 1 
6178:	1 1 
6179:	1 
618:	9 2 5 2 4 
6180:	2 1 1 4 3 8 5 
6181:	2 4 
6182:	7 
6183:	1 
6185:	4 1 
6188:	1 4 10 
6189:	1 1 1 
619:	2 1 
6190:	2 4 1 
6192:	2 1 1 9 3 1 
6196:	1 
6197:	1 4 1 
6198:	4 4 
6199:	2 
62:	1 2 
6201:	1 
6204:	7 1 
6205:	1 2 1 
6207:	1 
6209:	1 
6211:	5 2 
6212:	4 
6214:	2 3 4 2 3 5 3 2 9 1 10 
6215:	1 
6216:	1 1 2 3 
6217:	5 
6218:	1 7 1 1 
6219:	1 1 
6220:	5 1 3 2 3 5 2 9 26 3 
6221:	1 1 1 3 3 
6224:	4 
6225:	1 1 4 11 1 
6226:	1 
6228:	4 6 4 1 
6229:	5 1 3 1 3 1 1 
6230:	1 1 1 
6231:	1 2 1 1 
6233:	2 1 
6235:	3 
6236:	7 1 1 
6237:	1 1 4 1 3 
624:	1 16 7 
6240:	3 1 
6241:	1 
6243:	1 
6244:	1 
6246:	1 7 10 
6247:	1 6 6 
625:	1 
6250:	1 8 4 2 2 
6251:	1 1 
6252:	1 
6253:	1 
6254:	1 1 
6255:	1 
6256:	1 1 
6257:	1 2 
6259:	2 2 2 
626:	2 
6261:	8 14 
6262:	2 1 
6263:	2 
6265:	1 
6266:	2 
6267:	1 
6268:	1 
6269:	1 
627:	3 2 1 1 
6270:	2 1 
6271:	1 3 14 1 2 1 3 
6273:	2 1 
6274:	1 
6275:	2 3 
6276:	3 
6278:	1 1 
6279:	2 
628:	2 1 1 
6281:	2 3 1 
6282:	1 1 
6285:	2 8 3 7 1 2 3 2 
6286:	1 
6287:	1 
6288:	5 9 1 4 1 13 2 6 
6289:	2 
629:	1 
6290:	1 3 6 3 4 2 7 1 1 1 
6291:	3 
6292:	3 
6293:	3 1 
6294:	1 
6295:	1 1 
6296:	2 1 
6298:	1 2 
6299:	1 
63:	4 1 1 
630:	2 1 
6300:	1 
6301:	1 
6302:	2 
6303:	2 12 15 3 17 1 4 2 2 7 9 7 2 11 11 
6304:	1 2 
6305:	5 
6306:	2 3 4 1 2 2 7 1 
6307:	1 
6308:	1 1 
6310:	3 1 1 1 5 
6311:	1 
6312:	3 
6313:	2 4 1 1 1 1 
6314:	5 
6315:	2 10 1 2 2 3 2 1 9 4 7 
6316:	1 1 
6317:	2 
6318:	19 1 1 1 
6319:	1 1 
632:	1 
6320:	1 1 
6321:	2 
6322:	1 9 1 1 2 1 1 4 
6324:	9 1 
6326:	3 
6327:	1 
6328:	1 
6329:	1 1 1 
633:	8 1 1 
6331:	2 
6332:	3 1 1 3 
6333:	1 
6334:	15 
6336:	1 1 
6337:	1 
6338:	1 
6339:	1 1 
6340:	1 2 1 
6341:	2 
6343:	2 
6344:	1 
6345:	6 24 12 12 1 
6346:	2 
6347:	2 
6348:	1 5 1 3 2 1 3 2 
635:	1 1 
6350:	5 2 
6354:	1 11 2 2 3 1 5 9 
6355:	1 1 
6356:	4 
6357:	1 
6358:	1 
6360:	2 
6361:	1 2 3 3 2 
6362:	1 1 4 6 6 12 1 3 6 4 4 
6363:	1 
6364:	1 1 6 
6365:	1 8 
6366:	2 
6367:	2 8 
6368:	4 
6369:	2 
6370:	1 
6371:	5 
6372:	1 
6373:	1 3 
6374:	3 1 
6375:	1 
6376:	1 
6377:	1 
638:	4 
6381:	1 
6382:	5 
6383:	6 
6384:	4 2 1 
6385:	2 2 1 3 
6386:	1 1 2 1 
6387:	1 18 2 2 
6388:	1 6 1 11 2 4 10 1 2 
6389:	4 4 5 8 8 
639:	1 
6391:	1 1 
6394:	1 1 1 2 2 2 
6395:	3 
6396:	2 
6397:	1 1 1 1 
6398:	1 
640:	2 
6401:	2 
6402:	1 
6403:	2 
6404:	1 
6405:	2 1 2 
6406:	5 
6407:	2 2 1 
6408:	3 4 3 
641:	7 4 1 
6410:	1 
6412:	1 1 
6413:	1 
6414:	3 
6418:	4 1 3 
6421:	1 1 
6422:	4 
6423:	3 13 3 2 
6424:	1 
6425:	16 10 1 2 2 2 7 3 1 1 1 1 
6426:	2 1 
6428:	1 
6434:	1 
6435:	1 2 6 1 3 1 2 1 1 3 4 
6437:	1 
6440:	1 
6446:	1 8 2 7 
6447:	1 2 5 6 
645:	2 1 
6450:	1 2 1 
6451:	1 2 8 2 
6452:	1 
6453:	1 
6454:	1 1 
6455:	3 
6456:	1 3 
6457:	5 3 1 
6458:	2 
646:	1 4 
6460:	1 8 
6461:	2 1 1 
6462:	1 
6464:	1 
6465:	3 1 
6466:	3 11 1 4 3 4 
6469:	1 2 1 1 1 
647:	2 4 3 
6470:	2 4 5 7 5 9 2 
6475:	1 2 
6476:	2 1 
6477:	2 
6479:	1 4 2 
648:	6 1 2 1 1 8 3 9 
6480:	1 5 1 6 1 1 
6481:	4 
6482:	4 1 
6483:	1 
6485:	1 4 3 3 6 
6486:	1 1 3 17 2 1 1 2 1 4 5 
6487:	2 
6488:	9 1 4 2 
6489:	1 1 
6492:	1 7 
6493:	1 1 4 
6495:	3 
6497:	1 1 
6498:	1 1 
6499:	3 
65:	1 4 
6500:	2 
6502:	1 1 1 4 
6503:	1 
6505:	2 2 1 2 2 4 
6506:	1 1 1 1 1 3 
6507:	1 3 2 2 1 1 
6508:	1 
6509:	1 1 
651:	1 
6510:	2 4 1 1 
6511:	1 1 1 10 
6512:	2 1 
6513:	3 2 3 
6517:	8 
6518:	2 1 8 
6519:	1 
6520:	1 3 
6523:	1 1 1 
6524:	2 1 4 2 
6525:	1 1 25 2 4 2 
6526:	1 1 2 2 2 
6527:	1 
6528:	1 
6529:	1 
6530:	1 3 3 2 1 
6532:	4 4 
6533:	1 2 1 
6537:	4 1 2 
6538:	1 
6539:	2 
654:	2 
6541:	1 
6542:	3 
6543:	1 
6544:	1 1 
6545:	1 
6546:	2 1 4 
6548:	1 
655:	1 2 
6550:	1 2 1 1 3 
6551:	1 
6552:	1 
6553:	1 
6554:	1 1 1 
6555:	1 
6556:	2 
6557:	1 2 1 
6558:	1 2 1 
6559:	2 1 
6563:	3 
6564:	1 
6565:	2 
6566:	1 
6569:	9 
6570:	1 1 
6573:	1 
6574:	4 
6575:	2 
6576:	1 1 
6577:	2 13 1 1 1 
6579:	1 
6580:	2 8 
6583:	1 1 
6584:	1 
6586:	1 2 1 5 
6587:	1 1 
6588:	1 4 
6589:	2 3 2 7 5 1 1 5 1 
6591:	1 3 2 1 1 
6592:	1 1 1 1 
6593:	2 
6595:	2 
6596:	1 13 1 5 2 3 4 7 
6599:	2 1 1 
66:	1 4 1 15 
660:	3 2 1 
6600:	3 
6602:	1 2 
6603:	1 1 
6604:	2 
6605:	3 1 4 1 
6606:	3 
6607:	2 3 1 7 2 
6608:	1 
6609:	9 8 3 4 5 11 1 
661:	4 
6610:	2 
6611:	2 3 
6613:	6 
6614:	2 
6615:	1 5 1 3 
6616:	1 2 1 3 
6617:	2 1 
6618:	1 
6619:	1 
662:	1 
6620:	1 12 
6623:	2 
6624:	1 
6628:	2 1 2 
6629:	2 
663:	2 1 1 1 4 
6631:	1 1 
6632:	1 
6633:	2 
6635:	2 3 
6636:	1 
6637:	1 1 
6640:	1 
6642:	1 1 
6645:	1 1 3 
6646:	3 2 
6648:	6 2 1 
6650:	1 
6651:	3 
6652:	1 
6654:	2 2 
6655:	4 8 15 2 6 5 3 1 
6656:	5 1 
666:	1 
6661:	1 1 
6662:	2 3 2 2 4 4 1 2 
6663:	1 2 3 3 1 
6664:	5 2 4 8 1 8 1 3 1 
6666:	1 1 
6667:	2 
6668:	3 4 1 
6669:	4 
667:	1 2 1 6 1 
6670:	2 
6672:	1 3 2 
6673:	1 1 2 
6674:	1 1 2 
6675:	3 1 1 2 6 
6676:	1 
6677:	1 1 4 2 2 
6679:	3 2 
6680:	3 2 
6681:	1 
6682:	1 
6683:	3 1 1 
6684:	1 1 4 2 1 
6685:	2 3 
6686:	4 1 12 
6687:	1 2 
6689:	2 1 
669:	2 3 2 2 1 3 2 1 1 
6690:	2 
6691:	1 1 1 4 
6692:	1 1 1 
6694:	1 
6695:	1 
6697:	3 1 
6698:	1 3 11 4 6 6 5 11 
6699:	1 1 2 
6700:	4 4 8 4 
6701:	1 1 
6702:	4 3 
6708:	5 1 3 2 1 3 4 
6709:	1 
671:	1 
6710:	2 
6711:	1 5 1 
6713:	1 
6714:	2 
6715:	2 4 3 
6716:	1 
6717:	1 1 1 2 
6718:	1 
6719:	1 
6720:	3 
6721:	18 7 8 3 6 7 13 1 
6722:	1 2 2 
6723:	3 3 8 1 1 1 1 
6724:	18 
6727:	3 
6728:	2 1 1 
6729:	3 
673:	2 4 
6732:	1 
6733:	3 
6734:	1 
6736:	1 2 1 6 7 
6737:	1 
6738:	2 
6739:	1 1 1 1 
674:	7 1 1 1 1 1 
6740:	6 
6741:	1 1 
6743:	1 
6744:	2 
6745:	1 
6746:	1 
6747:	1 
675:	1 5 3 
6750:	1 2 
6752:	1 14 16 1 4 1 
6754:	1 2 2 
6755:	2 2 1 
6756:	1 
6757:	1 1 
6758:	2 
6759:	1 1 1 2 
676:	1 1 1 2 
6760:	1 
6761:	3 2 
6762:	2 1 
6763:	5 2 1 5 
6765:	5 3 12 2 3 1 3 2 2 37 
6766:	2 
677:	1 
6772:	1 
6773:	1 
6774:	1 
6775:	19 2 
6776:	2 
6778:	1 
6779:	7 
6780:	2 1 1 3 
6781:	1 2 1 1 1 
6783:	2 
6784:	2 4 2 2 3 3 6 2 6 1 
6785:	1 
6788:	2 1 1 1 
6789:	8 
679:	5 
6790:	4 5 3 
6791:	1 5 
6792:	3 1 1 1 2 1 1 1 1 
6793:	2 
6794:	5 
6796:	2 4 3 1 
6797:	1 3 1 1 
6799:	1 3 2 
6801:	1 1 3 
6802:	4 
6804:	5 5 2 
6805:	1 2 2 
6810:	1 
6815:	1 
6817:	1 4 6 
6818:	1 4 
682:	4 
6820:	1 
6821:	7 1 
6822:	6 5 2 
6823:	1 1 
6824:	1 2 
6825:	5 2 2 4 1 
6826:	4 2 
6827:	2 1 
6829:	1 1 5 2 11 4 3 1 
6830:	3 
6833:	1 
6834:	1 
6836:	3 4 1 3 1 
6837:	1 1 
6838:	1 4 5 5 
684:	1 2 3 1 1 2 
6840:	2 
6841:	1 1 1 
6843:	1 1 2 2 7 4 2 
6844:	1 
6845:	3 1 
6846:	2 
6847:	3 2 1 1 
6849:	3 1 
685:	2 1 
6850:	2 
6851:	3 
6852:	1 
6855:	1 1 1 
6856:	21 
6857:	7 2 8 7 1 1 4 
6858:	1 
6859:	2 3 3 1 
686:	4 1 1 3 7 
6860:	3 
6861:	1 1 
6862:	1 5 8 9 9 4 
6863:	2 
6864:	3 
6865:	2 
6866:	1 5 5 
6867:	1 
6868:	1 2 1 
6869:	1 1 
687:	11 2 7 8 
6870:	4 
6873:	1 
6875:	1 
6876:	3 
6878:	1 
6879:	2 
688:	2 14 2 4 
6880:	2 
6883:	1 1 1 
6884:	7 5 1 2 
6885:	1 
6886:	1 
6888:	1 1 
6889:	2 13 6 
689:	1 1 
6890:	1 2 
6891:	9 1 6 2 
6892:	1 3 2 1 1 1 
6896:	1 1 1 
6898:	3 1 2 1 3 1 1 1 2 1 1 
690:	2 
6900:	1 1 
6901:	3 
6903:	1 
6906:	1 3 1 
6908:	2 3 
6909:	1 
691:	2 
6910:	2 
6912:	1 1 2 1 
6913:	1 
6914:	2 2 6 4 7 
6916:	1 
6917:	3 1 1 1 1 2 
6919:	2 
692:	1 1 1 1 
6920:	3 1 3 
6921:	2 
6924:	2 4 7 7 2 
6925:	1 
6926:	2 
6928:	1 
6929:	1 
693:	2 
6930:	2 
6931:	1 
6932:	1 1 1 
6933:	1 2 5 1 1 7 
6935:	1 1 
6936:	1 
6937:	1 
6938:	1 
6939:	3 1 
694:	1 2 1 
6940:	5 1 5 1 1 2 
6943:	1 1 
6945:	1 1 
6946:	5 4 1 
6947:	1 
6949:	1 1 1 
695:	32 
6951:	6 3 1 1 1 2 1 1 
6952:	11 6 3 
6953:	1 3 3 2 10 
6954:	4 2 
6955:	1 
6956:	1 1 
6958:	3 2 
6959:	28 17 10 1 5 2 2 1 1 
696:	2 2 3 1 1 1 4 3 4 7 1 
6960:	1 1 3 
6961:	5 6 1 3 3 
697:	3 
6972:	5 
6978:	1 
698:	1 
699:	3 
6990:	1 
7:	1 
70:	1 2 
700:	10 
7006:	1 1 2 
7009:	1 3 
701:	7 1 
7013:	2 2 1 1 
702:	2 1 1 
7028:	1 1 4 1 1 1 1 1 1 2 
703:	1 2 
7035:	1 2 
7036:	3 1 1 1 1 1 
7041:	7 
7042:	1 
7049:	1 
706:	3 
707:	1 
7071:	1 
7073:	1 
708:	2 1 1 1 4 
7081:	1 
7082:	3 
7083:	3 
7084:	4 
7085:	1 1 
7086:	2 
7087:	1 5 
7088:	1 11 2 10 2 1 3 1 
7090:	2 
7091:	3 
7092:	8 
7093:	3 
7094:	2 
7095:	1 
7096:	1 5 1 2 2 7 4 22 2 
7097:	2 1 
7098:	2 1 2 3 
7099:	1 
71:	1 6 1 
7100:	1 6 7 12 2 4 5 17 1 2 1 
7101:	3 
7102:	1 1 5 
7103:	1 1 
7104:	1 2 1 
7106:	1 4 8 1 1 2 
7107:	1 1 1 
7108:	2 
711:	1 4 2 1 4 2 
7110:	1 
7111:	1 
7112:	1 1 
7113:	1 
7114:	1 
7116:	4 2 
7117:	1 
7118:	1 
7119:	1 3 
712:	1 
7120:	1 1 16 7 10 
7121:	1 
7122:	1 3 2 2 
7123:	1 
7124:	2 
7126:	1 2 1 1 
7128:	1 2 
7129:	3 
713:	1 
7130:	1 
7131:	3 
7135:	2 3 
7136:	1 2 
7137:	3 5 
7138:	2 
7139:	2 
714:	2 1 
7141:	1 
7142:	3 
7144:	2 4 
7145:	1 
7146:	3 
7148:	1 1 
7149:	2 3 4 3 2 
7150:	1 
7151:	1 4 5 
7152:	1 
7153:	1 
7154:	1 
7157:	1 8 
7158:	16 
7159:	2 2 2 1 3 2 2 2 
7160:	1 15 3 
7161:	2 
7162:	1 
7163:	2 2 2 1 
7164:	3 3 1 2 
7165:	3 
7166:	2 
7167:	2 
717:	1 9 8 
7170:	3 
7171:	1 1 
7172:	3 
7173:	2 1 1 4 2 1 3 7 5 2 
7174:	1 
7176:	1 5 
7177:	1 
7178:	4 
7179:	1 1 1 
718:	1 11 4 
7180:	1 2 7 
7182:	1 
7183:	2 
7186:	1 
7187:	3 
7188:	4 
7189:	1 
7190:	2 2 
7192:	5 
7193:	1 
7195:	1 
7199:	2 
72:	3 1 1 
7201:	12 
7202:	2 4 
7204:	1 7 1 3 
7205:	2 
7206:	3 
7208:	1 3 
7209:	1 3 3 4 
7210:	5 2 4 3 
7211:	4 
7212:	2 
7214:	2 
7215:	2 3 2 4 
7218:	2 3 4 1 10 
7219:	1 1 8 7 1 3 
7220:	3 2 4 3 1 5 1 
7221:	1 
7222:	1 5 
7223:	1 
7225:	3 1 8 7 
7226:	3 10 8 8 
7227:	1 1 1 
7229:	3 6 7 1 
7230:	2 13 1 
7233:	1 
7235:	2 
7236:	2 1 
7237:	1 2 
7238:	5 1 1 
7239:	2 
7240:	1 
7241:	1 2 1 
7242:	1 6 5 
7243:	1 2 1 3 
7244:	1 
7245:	1 1 4 1 1 1 3 4 2 
7246:	1 2 
7248:	2 12 8 6 
7249:	1 
725:	1 
7250:	2 
7251:	2 
7252:	1 
7253:	5 1 6 1 
7255:	8 3 
7256:	1 51 
7257:	1 
7258:	1 
7259:	1 1 4 1 
7261:	3 
7262:	1 1 
7263:	9 
7264:	1 1 
7265:	1 1 1 
7266:	3 
7267:	3 
7268:	1 1 8 1 4 1 1 1 2 1 1 
727:	2 2 
7270:	4 
7271:	2 
7272:	3 1 2 
7274:	7 2 
7275:	2 11 2 3 2 3 2 14 
7276:	1 
728:	1 1 
7282:	4 8 
7283:	3 
7285:	2 1 
7287:	5 3 1 1 
7288:	1 1 
7289:	2 2 
729:	3 2 1 1 2 2 
7290:	1 1 1 1 
7291:	5 10 19 1 3 5 3 2 
7292:	1 
7295:	1 5 23 1 18 
7296:	1 
7299:	2 2 
73:	5 8 2 1 
730:	5 7 7 9 11 1 1 8 4 1 1 4 
7303:	1 
7304:	2 6 4 
7306:	1 2 2 2 
7307:	1 
7308:	19 7 3 2 1 1 1 1 
7311:	3 
7313:	2 2 1 
7314:	2 
7315:	2 2 2 1 
7316:	1 3 23 9 13 2 2 2 8 
7317:	2 
7319:	1 
7320:	1 1 
7322:	1 1 
7323:	1 
7324:	1 
7326:	1 
7327:	11 2 1 1 1 2 1 
7328:	1 1 
7329:	3 3 
733:	2 
7330:	1 1 
7331:	1 2 
7332:	1 3 
7333:	1 
7336:	3 
7337:	2 2 
7339:	1 1 
734:	3 4 
7340:	1 
7342:	2 
7343:	1 
7344:	4 1 1 1 1 20 9 1 5 
7345:	4 
7346:	2 1 
7347:	3 2 1 
7349:	1 
735:	2 
7350:	1 
7351:	2 2 
7352:	1 3 5 9 4 1 
7353:	1 2 
7354:	5 1 
7355:	1 
7356:	1 1 
7358:	1 
736:	2 
7360:	1 
7361:	21 3 2 
7362:	9 
7363:	3 4 6 1 1 1 1 2 1 
7365:	2 2 1 2 2 1 
7366:	1 2 1 
7369:	17 11 1 1 
737:	1 
7370:	1 
7371:	3 
7373:	5 1 1 
7374:	1 
7375:	1 
7376:	1 
7377:	1 4 
7378:	1 
7379:	1 1 2 2 
738:	1 1 
7380:	20 
7382:	2 
7383:	1 2 2 1 
7384:	2 1 1 
7385:	1 3 1 5 1 2 7 1 
7386:	2 
7388:	1 1 
7389:	5 3 2 1 1 1 
7390:	2 
7391:	3 11 6 
7392:	1 1 
7393:	1 
7394:	1 4 2 
7395:	6 
7396:	3 2 5 
7397:	2 
7399:	1 3 4 
74:	1 
7400:	4 
7403:	1 1 
7405:	1 3 3 1 2 1 
7406:	2 
7407:	2 
7408:	1 3 
7409:	1 1 
7410:	1 
7412:	1 2 3 1 5 6 1 3 
7413:	1 1 
7415:	1 
7416:	4 2 
7419:	1 2 2 7 1 1 1 
742:	2 
7420:	1 
7422:	1 1 
7423:	1 
7424:	1 
7425:	6 3 2 5 
7427:	4 
7429:	1 8 5 
7430:	1 
7431:	2 
7432:	2 3 7 
7433:	1 1 1 1 3 1 3 8 
7434:	2 
7435:	1 
7436:	4 
7437:	1 
7438:	2 
7439:	1 
7440:	1 
7441:	2 2 
7443:	1 8 17 2 2 7 
7444:	1 
7445:	3 
7446:	3 
7447:	2 
7449:	2 1 6 
745:	7 12 
7450:	1 1 
7451:	1 1 1 3 
7452:	1 4 
7454:	2 
7456:	9 4 7 1 1 
7457:	1 
7459:	2 
746:	1 2 1 
7460:	1 
7461:	8 6 2 6 4 
7462:	4 4 6 1 5 3 
7463:	2 11 4 3 5 10 6 1 
7464:	3 6 2 
7465:	1 4 1 1 
7468:	5 1 3 3 1 4 
7469:	1 
747:	6 1 2 
7471:	1 
7472:	1 4 6 1 2 
7473:	2 
7474:	1 6 5 5 
7477:	3 1 3 
7478:	2 10 3 1 1 1 
7479:	1 
748:	3 4 
7480:	1 
7481:	4 
7482:	1 
7483:	1 
7484:	2 2 8 4 3 
7486:	1 1 
7487:	1 
7488:	1 1 1 2 3 3 2 6 7 
7489:	2 
749:	2 2 1 1 
7491:	4 1 
7492:	3 
7493:	3 2 
7497:	18 6 
7499:	6 5 1 1 
75:	5 
750:	1 
7500:	1 4 7 
7501:	3 
7502:	1 
7503:	1 
7504:	1 12 1 1 2 
7505:	1 1 
7506:	2 3 
7507:	1 
7508:	4 
7509:	1 2 12 5 
751:	3 4 
7510:	1 
7511:	1 
7512:	1 2 9 1 2 
7513:	3 
7514:	3 2 1 
7516:	2 3 1 
7517:	1 
7518:	1 3 
752:	2 1 1 7 2 
7520:	2 7 4 1 
7521:	1 
7522:	2 3 
7523:	1 1 1 2 
7524:	1 2 
7525:	1 
7526:	1 2 1 1 4 9 5 2 3 9 2 9 
7527:	1 
7528:	1 
7529:	3 1 2 1 2 
7531:	1 1 6 2 9 1 1 1 
7532:	2 
7533:	2 
7534:	1 1 2 
7535:	1 
7536:	2 11 
7538:	2 1 4 10 
7539:	3 
7541:	1 
7545:	1 6 
7546:	4 
7547:	3 
755:	1 1 4 
7552:	1 
7553:	2 
7554:	2 1 2 5 2 1 1 1 1 
7555:	1 
7556:	1 
7557:	6 5 1 2 
7558:	1 2 1 1 
7559:	5 
7560:	1 
7561:	1 
7562:	24 1 
7563:	1 3 2 2 5 
7564:	3 
7565:	1 4 2 6 3 2 
7566:	2 1 
7567:	4 3 
7568:	1 3 1 
7569:	5 
7570:	2 
7571:	1 
7573:	1 
7574:	2 
7575:	1 
7576:	1 2 4 2 5 
7577:	1 
7580:	1 
7582:	1 1 1 
7583:	1 3 
7584:	2 1 1 2 7 8 7 6 2 2 
7585:	1 
7586:	2 
7587:	1 
7588:	1 
7589:	1 1 
7590:	1 1 
7591:	1 1 
7592:	3 
7593:	2 
7594:	1 
7595:	3 2 1 2 
7596:	1 
7599:	1 1 
760:	5 
7600:	1 11 1 
7601:	1 
7602:	1 
7605:	1 
7606:	1 1 1 
7607:	1 3 
7608:	1 4 1 3 2 
7609:	2 1 2 2 
761:	1 1 
7610:	2 2 1 
7611:	1 
7612:	4 1 1 
7613:	1 
7615:	2 
7616:	2 1 
7617:	1 
7618:	2 
7619:	1 
762:	1 1 2 2 
7620:	3 
7621:	1 
7622:	4 7 8 1 6 
7623:	2 
7624:	3 1 
7625:	1 1 27 14 3 8 2 5 2 2 18 1 
7626:	2 1 
7627:	16 18 
7629:	1 2 2 1 1 1 1 10 6 1 1 
763:	1 
7631:	1 
7633:	2 
7634:	1 
7635:	4 
7636:	3 2 6 4 
7637:	1 3 1 
7638:	1 9 
764:	4 3 
7640:	2 3 
7642:	5 1 
7643:	6 
7644:	5 3 1 1 
7645:	1 
7646:	2 5 1 1 
7647:	8 2 
7648:	1 1 1 
7649:	6 2 2 7 
765:	2 1 4 
7653:	2 6 1 
7655:	1 
7656:	2 3 2 4 7 16 7 
7657:	2 
7658:	1 1 1 
766:	1 1 
7660:	2 4 6 3 2 
7661:	1 
7662:	9 
7664:	1 
7666:	2 2 1 4 2 2 1 2 
7667:	2 
7668:	1 3 5 
7671:	1 1 
7672:	1 
7673:	1 2 1 
7674:	4 5 
7675:	1 3 
7676:	2 
7677:	1 11 2 
7678:	3 
7679:	1 1 1 
7681:	1 1 
7682:	1 8 
7683:	1 
7685:	7 9 5 3 
7687:	1 1 
7689:	4 
7690:	3 
7691:	1 
7692:	1 
7694:	1 2 1 
7695:	1 14 3 2 2 
7696:	9 1 
7697:	2 2 
7698:	1 1 1 
7699:	1 2 1 9 
7700:	1 1 
7703:	1 
7704:	1 1 1 
7705:	1 1 
7706:	2 1 
7707:	1 
7709:	1 
771:	4 1 3 1 9 2 4 2 2 
7710:	1 6 1 1 
7711:	1 1 
7713:	2 
7714:	2 1 12 4 9 7 2 1 
7716:	5 1 7 
7717:	2 
7718:	2 
7719:	1 1 2 
772:	1 
7721:	3 5 13 11 
7722:	4 
7723:	19 10 16 
7724:	2 4 
7725:	1 1 1 
7726:	1 
7727:	2 
7728:	1 
7729:	1 2 
7730:	2 
7731:	5 4 
7732:	1 
7733:	1 
7735:	1 1 
7736:	2 
7737:	7 1 
7739:	4 
7741:	1 
7742:	1 
7743:	1 
7744:	1 
7745:	3 
7746:	1 
7747:	4 
7748:	2 
7749:	1 
775:	5 1 4 
7750:	1 4 1 
7751:	2 1 3 
7752:	1 1 2 2 
7753:	1 1 2 
7756:	3 1 
7757:	2 1 3 7 
7758:	6 
7759:	2 3 3 
7760:	3 7 2 2 25 2 
7761:	1 1 
7762:	1 1 1 2 2 
7763:	1 1 
7764:	1 1 8 8 10 4 1 8 5 1 2 1 3 2 3 1 2 2 4 2 
7765:	1 
7766:	3 2 
7768:	1 
777:	2 
7770:	3 6 14 
7771:	1 
7773:	1 1 
7774:	3 9 
7775:	1 2 2 
7776:	10 5 5 4 1 7 
7777:	1 
7778:	1 
778:	1 1 
7780:	1 6 1 2 4 4 12 
7782:	9 2 
7784:	6 6 1 1 2 2 1 1 1 
7785:	1 2 1 
7786:	1 2 
7787:	1 
7788:	3 
7789:	2 
779:	1 2 7 13 10 2 
7790:	3 4 
7791:	1 2 2 1 1 
7793:	2 1 7 3 
7794:	1 4 
7795:	2 1 1 
7796:	1 
7797:	1 
7798:	1 
780:	1 6 7 6 3 
7800:	1 2 4 3 38 
7801:	1 3 
7802:	1 2 
7803:	1 7 17 4 
7804:	1 5 
7805:	2 1 
7806:	2 
7807:	1 
7808:	1 
7809:	3 
781:	1 3 
7810:	9 
7811:	1 
7812:	1 2 1 13 
7814:	1 7 
7815:	1 1 
7816:	1 3 
7818:	1 
782:	1 
7821:	2 2 1 1 1 1 
7822:	1 1 1 2 
7823:	1 1 
7824:	1 2 1 1 
7827:	2 
7828:	2 1 
7829:	1 1 
7830:	2 5 3 
7831:	2 1 2 1 
7832:	4 2 2 1 4 
7835:	2 1 1 3 8 
7836:	1 7 
7837:	1 
7838:	1 27 7 9 3 4 1 1 
7839:	1 1 72 16 
7840:	1 
7841:	4 12 2 7 6 1 1 
7842:	9 
7844:	1 1 
7845:	4 
7846:	6 6 1 1 4 
7847:	2 
7848:	9 
7849:	3 4 3 1 1 1 
7850:	3 2 1 1 
7854:	1 
7858:	1 1 
7859:	2 
7860:	2 
7861:	2 
7862:	1 
7863:	2 6 
7865:	3 
7866:	2 2 1 13 
7867:	1 2 12 1 2 5 2 
7868:	1 4 
7869:	1 2 2 
787:	1 
7874:	2 6 7 2 4 1 
7875:	1 
7877:	1 
7878:	12 
7880:	2 3 2 
7881:	1 2 1 
7882:	1 
7883:	1 1 4 1 
7884:	2 
7885:	1 2 
7886:	1 
7887:	3 
7888:	1 5 3 1 2 2 1 1 
7889:	1 2 
789:	1 2 2 
7891:	1 1 2 1 
7892:	2 4 
7893:	3 1 1 
7894:	5 
7895:	4 4 3 13 2 
7896:	1 
7897:	4 
7898:	1 2 5 
7899:	1 1 
790:	1 11 2 1 2 6 5 
7900:	1 
7902:	7 1 2 2 3 1 
7903:	1 3 
7904:	1 1 
7905:	10 3 1 
7906:	3 
7907:	1 
7908:	6 10 10 
7909:	1 2 
7911:	1 
7912:	1 
7914:	1 1 2 
7915:	1 
7917:	1 
7918:	2 
7919:	1 1 
792:	1 
7920:	1 7 2 8 7 
7921:	2 
7922:	1 5 
7923:	2 1 
7925:	1 
7927:	1 
7928:	3 2 1 4 1 1 1 
7929:	1 8 3 3 
793:	4 
7930:	1 2 
7931:	5 1 1 2 
7932:	6 4 2 1 1 
7933:	3 4 2 
7934:	1 1 
7936:	3 25 47 5 2 
7938:	2 1 
7939:	2 
7941:	2 
7942:	1 
7943:	2 
7944:	5 1 
7945:	1 
7946:	3 3 3 2 2 
7947:	1 
7948:	1 1 
7949:	3 1 
7950:	2 3 3 1 2 2 2 
7951:	3 3 1 3 
7954:	2 
7959:	1 
7960:	2 1 
7963:	2 
7964:	6 
7965:	1 
7966:	2 3 1 1 1 
7967:	2 
7968:	1 2 5 
797:	5 
7970:	1 
7972:	4 
7973:	1 
7974:	3 3 
7975:	2 
7976:	1 
7978:	7 1 1 2 
7979:	1 5 1 
7980:	7 2 1 
7981:	3 2 1 
7983:	5 5 2 
7984:	12 3 
7985:	1 
7986:	1 
7988:	1 
7989:	1 2 
7990:	2 
7992:	2 
7993:	2 1 8 4 
7994:	1 
7996:	2 1 
7997:	1 
7998:	1 
7999:	1 2 1 1 5 
8:	1 
80:	1 
8001:	1 
8004:	1 2 
8006:	1 
8007:	1 2 3 1 5 5 6 20 8 7 2 1 
8008:	3 1 
801:	2 3 6 1 
8013:	1 
8014:	1 
8015:	1 
8016:	2 2 
8017:	1 1 
8018:	1 1 
8019:	1 
802:	2 
8020:	1 
8021:	4 2 
8022:	1 
8023:	1 1 
8024:	1 2 
8025:	8 3 4 1 
8027:	1 1 
8028:	1 2 4 11 
803:	2 1 
8031:	1 6 
8034:	3 
8036:	2 1 1 
8037:	1 
8038:	5 1 
8041:	4 1 
8043:	4 1 1 
8044:	18 1 
8047:	2 1 3 1 
8048:	1 3 2 3 1 
8049:	8 
805:	2 
8050:	5 1 3 
8051:	3 2 
8052:	1 3 
8054:	3 
8055:	1 1 
8056:	1 
8057:	3 9 1 12 3 3 5 8 
8059:	1 2 1 
806:	1 3 
8063:	1 
8064:	1 8 
8067:	4 4 
8068:	3 20 
807:	7 
8070:	8 
8071:	1 1 
8072:	2 
8073:	1 
8075:	1 
808:	1 
8080:	1 
8082:	1 
8083:	1 
8084:	1 
8088:	2 4 
809:	1 1 1 1 
8090:	1 
8091:	1 
8092:	2 
8093:	1 1 2 12 
8094:	1 8 
8095:	1 2 
8096:	1 3 
8097:	1 
8099:	3 
810:	3 1 1 4 2 
8103:	1 2 1 2 
8104:	2 
8106:	1 
8108:	4 1 1 5 2 
8109:	2 
811:	1 
8110:	2 
8111:	1 
8112:	2 1 
8113:	1 
8114:	1 
8116:	3 2 1 
8117:	2 2 1 1 
8118:	4 1 1 1 
8120:	1 
8121:	5 
8122:	1 11 7 5 3 3 
8123:	2 2 1 
8124:	2 2 5 
8125:	1 
8126:	5 13 19 19 6 10 4 4 2 1 2 1 
8127:	1 1 
8128:	1 2 
8129:	1 
8130:	1 3 1 1 1 1 2 
8132:	2 1 25 5 4 2 8 
8134:	2 
8136:	1 2 1 
8137:	1 
8138:	3 
8139:	1 
814:	2 1 1 
8140:	1 1 3 1 1 2 
8143:	1 1 18 2 
8145:	2 1 
8146:	1 1 
8147:	2 
8148:	2 6 18 1 
815:	10 4 2 1 1 
8150:	5 
8151:	1 1 
8152:	1 2 1 
8153:	8 6 3 8 2 1 1 2 2 2 
8154:	2 
8155:	1 
8156:	4 9 
8157:	3 
8159:	1 1 1 
816:	2 2 
8161:	1 
8163:	1 2 
8164:	1 1 
8165:	1 
8167:	2 3 1 3 
8169:	2 3 2 1 1 
817:	2 4 1 
8170:	1 1 
8171:	3 
8172:	1 
8174:	1 5 1 1 
8175:	2 
8176:	1 
8178:	1 4 
8179:	3 
818:	4 3 
8180:	3 
8181:	1 1 6 2 
8182:	1 15 1 3 7 1 
8184:	1 2 2 3 1 2 1 
8185:	3 1 1 
8188:	1 1 
8189:	1 
819:	6 1 1 1 
8190:	3 2 
8191:	2 
8192:	1 
8193:	3 8 5 
8194:	1 2 14 2 3 9 
8195:	1 2 7 
8196:	7 
8199:	3 1 2 35 
82:	2 1 1 3 
820:	7 
8200:	1 
8201:	3 
8202:	2 4 
8203:	2 1 1 15 7 1 3 
8205:	1 
8206:	1 1 
8208:	1 
821:	1 
8210:	1 
8211:	3 
8212:	1 
8213:	1 
8214:	1 
8215:	2 
8217:	1 
8218:	2 4 
8219:	1 
822:	1 1 12 1 
8221:	21 1 10 5 5 
8223:	7 1 
8224:	1 7 2 
8226:	1 5 1 
8227:	2 1 8 2 2 
8228:	3 1 
8229:	1 
8237:	3 
8239:	2 
824:	3 3 
8240:	9 
8242:	1 1 
8243:	2 
8244:	3 
8245:	4 1 1 7 
8246:	1 
8247:	1 1 6 5 2 3 
8249:	2 
8250:	2 
8251:	1 2 
8252:	1 1 
8253:	1 1 
8255:	1 
8257:	2 
8258:	2 
8263:	1 
8264:	3 1 
8266:	1 4 3 3 
8267:	1 2 
8268:	1 
8269:	1 
8270:	4 3 
8272:	1 4 
8273:	1 
8274:	1 
8275:	3 
8276:	3 
8277:	7 
8278:	1 8 9 2 
8279:	2 
8280:	1 10 11 
8282:	1 
8283:	10 4 5 1 3 19 2 
8285:	1 1 
8286:	1 
8287:	3 
8288:	5 2 3 
829:	1 
8291:	3 
8292:	1 
8295:	3 2 1 1 3 
8296:	1 
8297:	2 
8298:	2 2 1 1 9 18 
83:	2 
830:	2 
8301:	1 7 3 2 
8302:	1 
8303:	2 1 1 11 8 2 2 6 3 8 
8304:	3 16 1 
8307:	8 
8308:	8 
8310:	1 
8311:	3 1 1 1 
8313:	1 
8314:	1 
8315:	1 
8318:	2 
8319:	2 
8321:	1 3 
8324:	2 2 1 2 1 4 
8325:	2 
8326:	2 1 
8327:	3 
8329:	1 
833:	1 2 4 
8330:	1 
8331:	1 
8332:	1 5 
8333:	1 1 
8335:	4 3 1 
8337:	1 14 1 4 
8338:	3 
834:	1 
8340:	1 1 1 25 4 1 1 
8343:	1 1 
8348:	18 5 4 6 
8349:	1 
8350:	2 
8352:	1 2 
8354:	1 
8355:	2 
8356:	1 2 1 
8358:	2 6 2 
8359:	3 
8360:	1 1 1 
8363:	1 1 2 2 7 
8364:	2 
8365:	7 
8366:	3 
8367:	3 2 1 
837:	1 
8372:	1 1 2 1 
8374:	2 2 7 2 1 
8375:	4 
8376:	1 
8377:	30 22 4 2 4 1 2 4 
8378:	1 
8379:	5 5 1 
838:	1 5 3 
8380:	1 
8385:	2 
8386:	3 1 
8387:	1 2 1 
8389:	1 
839:	1 
8390:	2 3 1 1 1 2 
8391:	1 
8392:	1 
8393:	1 
8394:	2 
8396:	3 2 
8397:	1 1 
8399:	3 1 
840:	3 1 3 2 
8400:	1 
8401:	2 1 1 1 
8404:	1 
8405:	2 3 
8408:	1 1 1 1 
8409:	1 
841:	3 
8410:	1 
8411:	1 
8412:	6 4 1 4 
8413:	1 
8415:	1 
8416:	4 4 8 
8417:	2 1 3 1 
8419:	1 1 
842:	3 2 1 
8421:	1 
8422:	1 
8423:	2 
8424:	1 2 1 7 53 13 1 9 4 12 4 6 4 
8425:	1 1 5 1 1 1 1 
8426:	1 1 1 2 
8428:	2 3 5 16 2 1 8 2 
8429:	2 
8431:	2 
8433:	1 
8435:	2 1 
8436:	6 
8437:	2 4 1 2 
8438:	11 4 1 
8439:	5 1 8 3 1 
8440:	1 1 2 4 
8441:	1 
8442:	1 
8443:	1 
8444:	2 2 
8446:	4 4 
8449:	2 
845:	2 1 
8450:	9 7 3 
8451:	1 
8452:	1 
8453:	1 1 
8454:	1 
8455:	3 3 
8456:	1 
8457:	1 
8458:	1 
846:	1 1 1 2 
8461:	1 9 7 3 1 3 
8463:	1 18 1 3 1 7 3 2 4 1 2 1 2 1 
8465:	1 1 1 
8466:	2 
8467:	1 1 
8468:	1 
8469:	8 1 8 1 
847:	1 1 
8470:	1 
8471:	1 1 1 3 9 1 
8472:	1 1 3 5 4 
8473:	2 
8475:	2 13 5 
8476:	2 
8477:	2 
8478:	2 1 
848:	3 
8480:	1 1 
8482:	1 1 
8483:	2 5 11 5 1 
8484:	1 
8486:	1 1 1 
8487:	2 2 1 2 
8490:	1 
8491:	2 
8493:	1 
8494:	1 1 2 1 11 1 
8495:	1 
8496:	1 2 
8498:	1 1 
8499:	1 
85:	1 2 
8500:	11 2 
8501:	2 1 1 
8502:	1 5 
8503:	2 2 
8505:	1 1 5 6 1 1 
8506:	5 1 6 3 1 
8507:	1 1 
8508:	4 
8509:	1 4 1 1 
851:	1 
8511:	2 1 6 1 4 1 
8512:	1 
8514:	1 
8515:	1 
8516:	2 4 3 4 
8517:	1 1 4 
8518:	3 
8519:	1 
852:	2 1 
8520:	5 1 1 
8521:	2 
8523:	1 3 1 
8524:	1 2 1 1 1 2 1 
8525:	1 
8528:	1 1 4 
853:	1 
8530:	1 3 
8532:	2 
8533:	1 
8534:	1 
8535:	1 1 1 
8537:	1 
8538:	1 
854:	3 
8540:	1 1 1 
8541:	5 
8542:	2 
8543:	1 
8544:	2 
8545:	3 5 2 
8547:	1 
8549:	2 1 2 
8550:	1 4 
8551:	1 
8553:	1 1 4 10 1 
8554:	1 
8555:	3 
8557:	1 
8559:	1 
8561:	1 3 1 1 
8562:	2 2 
8564:	1 
8565:	1 2 
8566:	1 6 1 18 19 9 6 
8567:	1 1 
8568:	1 
8569:	1 
857:	1 
8572:	3 
8573:	2 1 1 1 1 
8574:	2 
8575:	1 1 3 2 3 5 2 
8576:	1 
8577:	1 1 
8578:	7 
858:	3 
8580:	2 4 1 2 2 3 5 1 3 
8581:	1 3 
8582:	3 2 2 
8584:	20 3 2 
8587:	6 
8588:	1 
8589:	1 
8590:	2 3 
8591:	2 
8592:	1 2 
8594:	1 1 1 2 2 
8595:	2 2 4 2 5 4 
8597:	1 4 6 1 1 
8598:	1 
86:	2 2 
860:	8 3 
8600:	2 1 
8601:	1 
8602:	2 
8603:	2 
8604:	1 
8606:	1 
8607:	2 
8610:	1 
8612:	1 2 7 1 2 
8614:	2 
8615:	1 4 
8616:	1 
8617:	6 
8618:	1 1 9 2 
8619:	1 
862:	3 
8621:	1 1 
8622:	1 
8623:	1 
8624:	1 
8625:	1 3 1 
8626:	1 
863:	2 5 1 16 1 1 5 1 7 3 4 
8630:	2 1 
8631:	6 1 5 2 
8632:	2 1 2 
8633:	1 1 1 1 1 
8634:	1 5 2 
8635:	2 1 1 
8636:	2 1 1 
864:	3 14 1 
8641:	1 
8642:	3 
8644:	1 4 1 1 1 1 
8645:	1 1 13 1 
8648:	13 1 3 
8649:	1 2 4 2 1 
865:	4 1 2 4 
8650:	1 
8652:	2 1 1 7 1 
8654:	3 
8655:	2 
8657:	9 
8659:	1 3 1 
866:	7 
8660:	1 
8661:	2 5 1 
8662:	2 1 
8663:	1 2 9 4 
8664:	2 1 
8665:	3 
8666:	1 
8668:	2 
8669:	1 2 1 7 
867:	2 7 6 12 1 
8670:	2 1 11 1 
8671:	4 3 
8672:	1 
8673:	1 
8676:	6 
8677:	1 
8678:	4 56 
868:	2 3 4 
8681:	3 
8683:	1 
8684:	1 
8685:	1 23 2 11 4 
8686:	1 4 5 
8689:	2 
869:	19 
8690:	6 
8691:	2 
8692:	2 1 2 3 1 4 
8693:	2 1 2 1 3 
8696:	1 
8697:	1 
8699:	3 1 
87:	1 
8702:	1 
8703:	1 
8707:	2 
8708:	1 
8709:	5 5 11 7 
8710:	1 1 3 4 6 2 1 
8711:	21 1 5 10 2 
8712:	1 3 2 
8713:	4 
8714:	2 4 3 4 1 
8715:	7 
8718:	1 2 1 7 1 3 9 4 
8719:	2 1 
8720:	1 
8721:	2 
8724:	2 1 1 
8725:	1 
8726:	1 1 
8728:	1 
873:	1 
8730:	1 1 
8732:	1 
8733:	3 
8737:	2 
8738:	1 
874:	1 
8741:	1 
8742:	1 1 
8743:	2 3 2 
8745:	2 5 
8746:	4 
8747:	2 
8748:	1 
8749:	1 2 1 1 
875:	1 
8751:	1 
8752:	1 3 
8754:	3 
8755:	1 
8756:	13 2 1 1 1 
8757:	1 
8758:	2 1 1 
8759:	1 5 4 
8760:	3 1 6 1 
8761:	1 7 3 
8762:	7 8 
8763:	1 1 
8764:	1 1 
8766:	6 2 2 2 1 
8768:	3 
8769:	12 6 
8770:	2 
8771:	2 
8772:	1 2 9 3 2 1 2 2 1 3 
8774:	3 
8775:	2 1 3 1 1 1 
8776:	2 
8777:	1 
8778:	2 
8780:	1 1 1 1 1 
8781:	2 1 2 4 
8782:	3 1 
8784:	2 
8785:	1 
8786:	2 
8787:	3 1 8 
8789:	1 
8790:	3 
8791:	1 
8792:	1 4 1 
8793:	1 
8794:	3 2 1 
8797:	1 4 1 
88:	1 
880:	8 2 4 
8800:	1 
8801:	1 4 
8802:	1 
8803:	3 2 1 
8804:	1 
8805:	1 1 
8806:	4 3 
8807:	9 3 2 1 
8808:	1 5 2 
8809:	1 1 1 1 2 1 1 23 4 4 1 
881:	10 25 
8810:	2 5 1 10 1 4 3 6 1 2 1 
8812:	2 
8813:	2 1 
8814:	3 1 
8815:	1 
8817:	8 4 1 1 1 1 1 
8818:	2 1 
8819:	1 1 1 
8820:	1 1 
8821:	1 
8822:	3 2 2 
8824:	1 6 2 2 
8825:	1 1 5 1 
8827:	2 
8828:	3 1 1 
883:	3 
8831:	1 18 
8832:	2 
8833:	3 
8835:	1 1 
8836:	3 
8839:	3 
884:	1 
8841:	1 
8842:	1 3 
8843:	4 3 1 
8844:	1 
8845:	1 
8846:	1 3 
8848:	1 3 
885:	5 5 
8853:	5 7 
8857:	2 
8858:	1 1 
8860:	2 1 1 2 
8863:	1 
8864:	2 1 
8865:	2 
8866:	1 2 
8868:	3 
8869:	1 1 
887:	1 
8871:	1 2 1 
8872:	1 2 1 3 1 
8873:	4 
8874:	7 3 2 1 
8877:	2 1 1 
8878:	3 1 1 1 4 1 2 2 
8884:	1 1 
8885:	1 1 1 
8886:	1 
8887:	5 2 
8888:	1 
8889:	2 
8890:	2 
8891:	6 2 1 
8892:	2 1 
8893:	1 
8894:	4 
8895:	1 1 3 1 2 
8896:	2 1 
8897:	2 
8898:	2 
8899:	3 2 
890:	1 3 
8900:	1 
8902:	3 3 
8905:	1 
8906:	2 
8909:	1 
891:	5 8 1 1 
8910:	4 
8911:	1 3 
8912:	1 2 3 2 1 1 1 
8913:	2 
8914:	7 1 1 3 
8915:	1 
8916:	1 1 3 
8917:	2 3 11 
8918:	8 5 2 4 
8919:	2 1 
892:	2 
8920:	1 
8921:	3 2 2 
8922:	1 2 1 2 
8923:	1 
8924:	1 3 
8925:	1 
8926:	2 
8927:	1 4 1 
8928:	1 2 
8929:	2 2 3 
8930:	2 
8931:	1 2 
8932:	1 
8934:	3 1 
8935:	1 3 
8936:	2 
894:	3 1 
8941:	1 
8943:	1 
8945:	1 1 
8946:	1 
8947:	3 
8949:	13 7 
895:	1 1 
8953:	1 
8954:	1 1 6 
8956:	1 2 1 6 5 5 15 13 1 18 2 1 2 6 
8958:	1 26 28 
8959:	3 
896:	1 
8960:	1 1 
8961:	1 
8962:	1 1 1 7 1 
8963:	1 1 2 
8965:	3 1 
8966:	1 
8967:	1 1 
897:	1 
8971:	1 
8976:	1 3 1 1 
8978:	1 
8979:	4 1 
8980:	6 4 2 1 1 
8981:	1 1 1 
8984:	1 10 8 3 
8985:	2 
8986:	1 3 1 1 1 1 3 3 1 
8987:	1 1 
8990:	2 
8991:	1 1 
8992:	1 1 3 
8993:	1 
8994:	1 
8995:	1 1 4 1 3 
8996:	2 1 3 
8998:	1 2 1 
8999:	2 3 
9:	3 
900:	2 1 
9000:	1 1 6 1 1 
9001:	8 
9002:	1 
9004:	2 
9005:	1 
9007:	2 
9010:	1 3 2 1 
9011:	1 
9012:	6 
9014:	1 1 
9015:	2 
9016:	5 1 2 1 
9017:	1 2 
9018:	2 
9019:	1 1 2 
902:	1 
9020:	5 
9021:	9 
9022:	3 2 4 3 1 1 3 
9023:	1 2 
9024:	3 
9025:	7 1 
9026:	2 8 5 1 1 8 1 4 1 4 
9027:	1 
9028:	1 
9029:	1 
903:	1 1 1 2 
9030:	2 
9031:	1 
9032:	1 1 1 
9033:	1 2 
9034:	1 1 
9035:	1 12 5 3 5 6 
9036:	9 19 3 3 1 1 
9037:	28 1 
9038:	1 
904:	2 
9040:	3 
9041:	2 3 1 1 1 
9044:	1 
9046:	1 1 
9048:	1 6 1 
9049:	2 
905:	3 
9050:	6 
9051:	1 2 1 
9052:	3 2 3 3 
9053:	1 
9054:	3 1 2 1 1 2 1 
9055:	3 11 4 2 6 6 
9056:	1 1 
9057:	2 4 2 
9058:	1 
9059:	1 1 3 67 
9060:	1 
9061:	1 2 1 4 3 5 3 
9062:	1 
9063:	1 
9067:	2 
9068:	1 
9069:	3 1 10 1 13 3 3 6 8 
907:	1 1 
9071:	2 
9072:	1 1 1 
9073:	1 
9074:	2 3 
9075:	2 4 2 4 
9076:	3 9 2 
9077:	3 
9078:	2 
9079:	4 
908:	2 1 
9081:	2 
9084:	2 
9086:	15 4 5 1 1 1 
9087:	3 4 
9088:	2 
9089:	12 32 
909:	2 
9091:	1 1 
9092:	2 
9093:	1 
9097:	3 
9098:	2 2 
9099:	2 1 
91:	7 3 
910:	1 
9100:	2 1 1 
9101:	1 
9102:	1 1 2 
9103:	2 
9104:	1 
9105:	2 2 2 
9107:	3 
9108:	1 
9109:	1 1 1 
911:	2 
9110:	1 
9111:	2 4 
9115:	1 
9116:	2 3 
9117:	1 
9118:	2 
9119:	19 3 2 3 
912:	1 1 
9120:	4 1 
9121:	1 2 
9122:	1 
9124:	1 
9125:	1 4 11 7 1 1 
9126:	1 
9128:	1 1 
9129:	1 1 1 
913:	1 2 
9130:	1 4 10 
9131:	1 1 1 
9132:	3 3 5 
9133:	3 
9134:	1 2 
9136:	1 3 
9137:	1 1 
9138:	4 3 
9139:	3 
9140:	3 1 1 
9141:	3 1 1 1 1 1 
9142:	3 5 17 2 4 8 1 
9143:	1 2 6 2 6 
9144:	1 
9145:	1 1 6 1 14 
9146:	4 4 2 1 2 1 1 4 2 1 1 
915:	4 2 2 5 
9150:	1 2 3 
9153:	1 1 1 3 1 1 1 
9156:	2 1 
9157:	1 4 
9158:	2 2 
9159:	1 
9163:	2 
9164:	1 
9165:	3 
9167:	2 
9168:	3 1 1 
9171:	4 7 2 3 2 2 1 4 6 
9172:	1 1 1 
9174:	1 
9175:	1 10 
9177:	1 
9178:	3 
9179:	1 6 
9181:	2 
9185:	2 1 1 1 2 
9187:	3 
9188:	1 
9189:	2 
9190:	1 
9191:	3 
9192:	3 11 1 2 2 
9193:	1 
9194:	1 
9196:	1 1 5 2 8 5 
9197:	1 1 1 
9198:	2 2 4 17 2 
9199:	1 
92:	2 1 
9200:	1 
9201:	9 
9203:	2 2 
9204:	5 1 1 5 8 1 7 
9205:	9 
9206:	4 
9207:	1 13 3 2 
9208:	5 
9209:	1 5 
9210:	1 1 
9211:	2 2 1 
9212:	2 
9214:	1 
9215:	1 1 
9216:	1 
9217:	3 
9218:	2 
9219:	1 1 2 1 
922:	3 
9221:	3 7 18 
9222:	2 
9223:	3 1 
9224:	1 
9227:	1 1 1 2 1 1 
9228:	2 
9229:	2 
923:	1 2 
9230:	1 12 1 3 
9231:	2 2 2 1 
9233:	5 1 1 1 11 1 5 4 
9234:	1 1 
9235:	3 6 
9236:	1 
9238:	1 
9239:	1 
9240:	2 
9241:	4 
9243:	1 
9244:	1 
9245:	1 
9246:	3 
9247:	2 1 
9249:	2 
9250:	1 1 
9253:	1 2 
9254:	2 
9255:	2 1 5 2 1 2 2 1 2 
9256:	3 1 2 2 1 1 8 
9257:	2 
9258:	4 
926:	1 
9260:	5 14 13 3 
9261:	1 1 
9262:	2 
9263:	3 
9264:	2 
9265:	2 1 2 1 
9268:	2 
927:	1 
9270:	3 
9272:	18 8 8 7 
9273:	2 
9275:	1 
9276:	2 
9277:	4 2 2 19 
9279:	8 2 5 2 
9280:	4 5 1 
9283:	1 1 
9284:	1 6 2 2 2 2 
9285:	1 2 2 
9286:	1 2 1 4 
9287:	2 
9289:	1 
929:	1 
9290:	1 
9291:	14 1 2 8 5 5 1 19 9 5 2 2 1 3 3 1 
9292:	3 1 2 
9293:	2 
9294:	2 
9295:	1 
9296:	1 3 
9297:	3 2 3 
9298:	2 
9299:	3 3 
93:	6 7 5 
9300:	1 1 
9301:	1 
9302:	1 
9305:	1 3 
9306:	2 4 
9307:	1 1 
9308:	1 
9309:	1 
9310:	1 
9311:	1 
9313:	1 1 
9314:	5 
9315:	2 2 2 2 
9316:	1 
9317:	1 
9318:	2 1 
9319:	1 
9320:	3 3 2 10 6 6 2 3 
9323:	1 
9324:	2 
9327:	1 1 1 7 
9328:	1 
9329:	1 
9330:	3 3 1 1 2 1 
9331:	1 
9333:	2 
9334:	1 5 
9335:	1 
9336:	2 4 
934:	2 
9342:	1 
9345:	1 5 2 
9346:	1 
9347:	1 
9348:	2 
935:	5 8 
9350:	2 
9355:	3 
9357:	1 
9359:	4 
936:	1 
9360:	1 
9362:	1 5 2 
9363:	2 
9366:	1 
9368:	1 2 
9369:	1 2 
937:	2 1 4 1 8 8 1 1 8 
9370:	2 
9371:	1 
9373:	5 11 9 
9374:	1 11 7 6 
9375:	1 
9376:	1 
9377:	1 1 2 
9378:	39 
938:	1 
9381:	1 
9382:	1 
9384:	11 
9385:	6 
9386:	2 
9388:	2 
939:	3 3 
9391:	1 
9392:	2 
9394:	2 5 4 1 
9395:	1 1 5 1 1 1 1 
9397:	1 3 
9399:	3 1 3 1 
94:	1 1 
9402:	1 5 2 2 1 9 3 10 
9404:	1 1 
9406:	1 
9407:	1 1 1 
9408:	1 3 5 1 2 1 
9409:	1 1 1 1 1 
9410:	2 7 4 
9413:	1 
9416:	1 
9417:	1 
9418:	1 1 
9419:	1 
9420:	1 
9424:	1 
9425:	6 
9426:	11 5 2 
9427:	1 
9428:	1 12 9 4 24 1 1 
9429:	1 
9430:	2 
9431:	5 2 1 1 1 2 
9432:	1 
9433:	2 
9435:	1 
9436:	3 
9437:	2 
9438:	1 3 
9439:	1 8 6 
944:	1 3 
9440:	2 
9443:	1 1 1 
9444:	5 
9445:	6 2 
9446:	1 
9447:	1 5 11 
9448:	1 
9449:	2 
945:	1 
9451:	1 
9455:	1 2 
9456:	3 
9457:	1 
9458:	1 
9459:	1 16 8 6 
9460:	2 
9461:	1 
9462:	2 6 3 2 2 7 12 3 8 5 5 3 2 1 
9464:	1 
9465:	1 
9466:	1 
9467:	1 2 1 2 3 1 8 4 19 6 
9471:	8 
9473:	1 
9476:	21 10 
9477:	1 
9478:	1 1 8 2 1 
9479:	2 1 
948:	1 
9481:	3 1 2 1 9 14 
9482:	3 3 
9485:	1 
9487:	1 
9488:	4 
9489:	5 2 1 
9491:	1 8 1 1 1 
9492:	1 2 1 
9493:	2 
9496:	1 
9497:	3 
9498:	3 7 
9499:	1 1 1 2 
950:	1 
9500:	1 
9502:	4 
9503:	3 1 
9504:	1 2 1 1 
9505:	4 1 
9506:	1 
9508:	1 
9509:	1 2 
951:	1 
9510:	2 1 
9511:	3 1 
9512:	2 1 1 2 2 5 
9513:	1 1 
9514:	1 1 3 1 
9515:	1 
9516:	1 
9517:	2 2 
9523:	2 
9524:	1 7 2 10 3 6 
9527:	2 20 2 2 2 9 
9528:	8 6 8 
9531:	1 
9532:	4 
9533:	1 
9534:	3 2 
9536:	1 2 
9537:	1 1 
9538:	1 
9539:	1 
954:	2 
9540:	2 
9541:	2 
9542:	2 2 
9543:	1 16 12 3 
9544:	1 
9545:	1 
9546:	2 3 
9549:	2 2 2 3 7 3 
955:	1 2 2 
9550:	1 
9551:	8 
9552:	1 2 
9554:	1 4 3 
9555:	1 1 
9556:	2 1 
9557:	1 
9558:	1 
956:	1 1 
957:	1 
9572:	1 2 
9574:	2 1 
9575:	2 1 1 2 7 2 
9576:	3 
9577:	1 
9578:	2 1 
9579:	2 1 
958:	1 
9581:	3 1 
9582:	2 2 4 2 
9583:	2 2 
9584:	1 
9585:	1 
9588:	2 1 
9589:	3 2 
959:	2 13 8 
9592:	2 1 1 6 
9594:	2 
96:	1 
9600:	1 
9603:	1 
9604:	3 5 12 4 2 7 
9605:	1 
9606:	1 3 1 
9607:	2 
9608:	1 1 4 
9609:	1 
961:	2 13 
9610:	1 6 4 
9611:	4 
9612:	1 
9613:	2 
9614:	1 1 
9615:	3 
9616:	1 
9617:	1 
9618:	2 1 8 10 1 6 1 
9619:	2 
9620:	6 
9621:	5 
9622:	1 
9623:	3 
9624:	1 
9625:	6 
9626:	1 
9627:	1 6 
9628:	3 
9629:	1 
963:	4 1 1 1 
9630:	1 4 7 3 
9631:	3 1 
9632:	1 8 6 
9633:	1 3 1 
9634:	3 4 4 1 2 
9636:	2 
9637:	2 2 1 1 1 
9638:	1 
9639:	5 1 
9640:	11 1 4 3 9 1 1 3 
9641:	2 1 1 
9642:	9 1 1 
9643:	2 2 1 3 1 
9644:	1 
9645:	1 1 2 
9647:	1 
9649:	1 
9650:	12 3 
9651:	1 3 
9652:	1 
9654:	2 
9655:	3 1 1 
9656:	1 2 3 8 1 2 1 
9657:	2 1 
9658:	3 
9659:	2 
9660:	5 3 9 4 
9663:	1 
9664:	4 
9666:	6 5 
9667:	1 1 
9668:	2 1 
9669:	1 1 
9670:	1 1 
9672:	1 
9673:	1 
9674:	19 1 
9676:	1 
9678:	1 3 
9679:	4 
9680:	1 1 
9681:	1 
9682:	4 1 1 2 1 
9683:	6 6 1 
9684:	1 1 
9685:	1 1 
9686:	4 1 1 1 8 1 1 
9687:	2 
9688:	1 
9689:	1 2 
9690:	2 3 
9691:	1 2 3 1 
9692:	1 
9693:	1 1 1 
9694:	2 
9696:	2 2 2 
9697:	1 15 7 
9698:	1 
9699:	2 3 6 1 23 4 8 1 7 11 1 1 
97:	9 
970:	4 
9700:	1 
9701:	1 
9702:	1 1 
9703:	3 
9704:	8 1 3 
9705:	1 6 
9706:	1 12 
9707:	1 
9709:	1 3 2 3 2 
971:	5 1 1 1 
9710:	2 1 35 2 2 1 
9712:	2 1 2 15 12 11 8 1 12 1 
9713:	2 
9714:	1 
9715:	7 
9718:	1 1 
9719:	2 6 4 
9720:	8 3 
9725:	13 7 4 
9726:	1 
9728:	2 
9729:	1 
9730:	1 2 
9731:	2 
9732:	1 1 
9733:	3 
9735:	3 
9736:	1 1 3 1 14 2 5 3 1 4 
9737:	2 1 7 6 9 1 5 12 4 
9738:	3 6 10 1 1 4 
9739:	1 1 
974:	1 
9742:	2 1 
9743:	1 
9744:	2 
9745:	3 3 
9747:	1 
9748:	1 1 
975:	2 5 1 
9750:	2 
9751:	1 
9753:	8 15 1 1 
9754:	3 1 
9755:	1 3 2 2 6 
9757:	2 
9758:	1 
9759:	1 1 8 
976:	1 3 
9760:	1 1 1 
9761:	3 
9762:	1 1 
9763:	1 8 3 1 2 
9764:	2 
9765:	6 1 
9766:	1 
9767:	1 
9768:	4 
9769:	1 
9772:	1 
9773:	1 3 1 2 2 
9774:	1 
9775:	2 
9776:	1 
9777:	1 1 2 1 
9778:	1 2 
9779:	1 5 2 
9781:	5 3 
9782:	5 2 8 
9783:	5 9 2 6 9 
9784:	2 1 
9786:	4 2 18 8 2 7 1 1 5 
9787:	4 
9788:	2 1 
9790:	3 1 1 
9791:	1 
9792:	2 2 7 1 
9793:	2 1 
9794:	1 
9796:	1 1 
9797:	2 1 2 1 
9798:	2 9 
9799:	1 2 2 
9801:	1 
9803:	2 
9804:	1 
9805:	1 
9806:	2 
9807:	1 
9808:	2 2 1 
9809:	2 1 
9811:	1 3 
9813:	1 2 1 1 1 
9815:	11 3 
9820:	2 
9821:	2 
9822:	1 3 
9823:	1 
9826:	1 
9827:	1 3 1 2 1 
9830:	1 
9831:	2 18 9 3 4 4 
9836:	23 42 24 4 3 3 
984:	1 
9840:	1 
9841:	2 1 
9842:	1 
9843:	1 
9845:	1 
9848:	1 
9849:	2 
985:	2 7 24 
9850:	2 
9851:	1 3 
9854:	1 1 1 7 
9860:	1 
9861:	2 
9862:	1 1 1 
9866:	2 2 1 1 6 1 
9867:	2 
9873:	2 5 1 1 
9874:	1 3 
9875:	3 
9876:	5 1 
9877:	2 5 1 3 1 1 2 
9880:	4 2 3 2 
9881:	4 1 3 3 1 
9882:	3 4 
9883:	4 7 3 2 5 
9888:	3 1 
9889:	2 1 3 
9892:	11 5 3 
9894:	5 3 
9897:	4 2 8 
99:	1 
990:	1 
9906:	1 
9907:	1 3 
9909:	1 
9914:	1 
9915:	1 
992:	3 6 
9920:	3 
9921:	11 
9922:	2 
9923:	3 1 
9936:	1 3 
9938:	1 
9939:	1 
994:	1 
9944:	5 
9945:	2 1 1 2 
995:	2 
9950:	4 2 
9951:	1 2 1 1 1 
9954:	2 
9955:	1 
9958:	10 7 1 4 2 
9959:	2 
996:	4 1 
9964:	1 
9965:	2 3 
9966:	4 
9967:	6 2 5 
9968:	1 1 
997:	1 
9970:	2 
9971:	1 
9977:	1 
998:	2 30 1 1 
999:	1 
9997:	2 
