=== non-contiguous nft : chains ===
Found 11238 chain interruption in 4335 different nfts
nft:	 contiguousTransactionCount1 contiguousTransactionCount2 ...

1002:	4 
1003:	1 
1008:	2 
1009:	1 
1010:	1 
1011:	1 
1012:	1 
1013:	1 
1014:	1 
1015:	1 
1016:	1 
1017:	1 
1018:	1 
1019:	2 1 1 1 1 1 1 1 1 1 1 1 1 1 1 1 1 1 1 1 1 1 1 1 1 1 1 1 1 1 1 1 1 1 1 1 1 1 1 1 1 1 1 1 1 1 1 1 1 1 1 1 1 1 1 1 1 1 1 1 1 1 1 1 1 1 1 1 1 1 1 
102:	1 
1021:	1 
103:	2 
1030:	1 
1031:	2 
1032:	1 
1033:	1 
1034:	1 
1035:	1 
1036:	1 
1037:	1 
1038:	1 
1039:	2 
1041:	1 
1042:	2 
1043:	2 
1044:	3 
1049:	1 
105:	3 
1053:	3 
1055:	3 
1059:	1 1 
1060:	1 1 11 
1064:	2 
1065:	1 
1066:	1 
1067:	2 
107:	1 
1071:	1 
1072:	1 
1073:	1 
108:	1 
1082:	1 
1083:	1 1 
1084:	1 
1085:	1 
1086:	1 
1087:	2 1 
1088:	2 
1089:	1 
109:	1 
1090:	2 
1091:	1 
1092:	4 
1093:	1 
1094:	1 
1095:	1 
1096:	1 2 
1097:	2 
110:	1 
1100:	3 
1101:	2 1 1 1 1 1 1 1 1 1 1 1 1 1 1 1 1 1 1 1 1 1 1 1 1 1 1 1 1 1 1 1 1 1 1 1 1 1 1 1 1 1 1 1 1 1 1 1 1 1 1 1 1 1 1 1 1 1 1 1 1 1 1 1 1 1 1 1 1 1 1 1 1 1 1 1 1 1 1 1 1 1 1 1 1 1 1 1 1 1 1 1 1 1 1 1 1 1 1 1 1 1 1 1 1 1 1 1 1 1 1 1 1 1 1 1 
1102:	2 
111:	3 4 
112:	1 
1123:	1 
1125:	3 
1126:	2 
1127:	3 
1128:	1 
113:	1 
1130:	1 
1131:	1 
1132:	1 
1133:	2 7 22 8 
1134:	1 
1135:	2 28 11 
1136:	33 11 
1137:	2 
114:	1 
1140:	1 
1141:	11 8 
1142:	1 
1143:	1 
1144:	11 10 11 
1145:	1 
1146:	1 
1147:	1 
1148:	3 
1161:	1 
1174:	1 1 
1175:	1 
1179:	2 
118:	1 
1180:	1 
1185:	1 
1186:	3 
1187:	1 
1189:	2 
1190:	1 
1191:	1 
1193:	1 
1194:	1 
1195:	1 
1196:	1 
1197:	1 
120:	2 
1206:	2 
1222:	1 
1225:	1 
1227:	2 
1228:	1 
1232:	3 
1233:	1 
1234:	1 
1237:	1 
1238:	1 
1239:	1 
1241:	1 
1242:	1 
1243:	2 1 1 1 1 1 1 1 1 1 
1244:	1 
1246:	2 1 
1247:	1 
1248:	1 
1249:	1 
1250:	1 
1251:	1 
1253:	2 
1254:	1 
1255:	1 
1257:	1 
1258:	2 
1259:	1 
1262:	1 
1264:	2 
1265:	4 
1266:	5 2 1 
1267:	1 
1268:	2 
1269:	1 
1270:	2 
1271:	6 
1272:	1 
1273:	1 
1284:	1 
1294:	2 1 
13:	1 
1313:	1 
1314:	1 3 
1321:	2 
1337:	1 
1339:	1 
134:	1 
1340:	1 
1343:	1 
1344:	2 
1345:	1 
1346:	2 
1349:	1 
135:	1 
1350:	2 
1353:	1 
1354:	1 
1359:	1 
136:	1 
1360:	1 
1361:	3 
1369:	1 
138:	1 1 
1382:	1 
1383:	1 1 
1387:	2 
139:	1 
1393:	1 
1396:	1 
1397:	3 
1398:	2 
1399:	1 
140:	1 
1400:	1 
1401:	1 1 
1402:	2 
1403:	1 
1404:	1 1 
1405:	1 
1406:	1 
1409:	1 1 
141:	1 2 
1416:	1 
1419:	5 
1421:	3 1 
1422:	2 
1424:	2 
1426:	1 
1429:	1 
143:	1 
1430:	1 
1431:	1 
1432:	1 
1433:	1 1 
1434:	1 
1435:	1 
1436:	1 
1437:	4 
1438:	4 
1439:	1 
144:	1 
1440:	1 
1442:	1 
1443:	2 
1444:	2 
1445:	2 
1446:	3 
1447:	2 
1448:	1 
1449:	5 
145:	1 
1450:	2 
1451:	1 1 
1452:	4 
146:	1 
1465:	1 
1469:	1 1 
147:	1 
1473:	2 
1474:	1 
1478:	2 1 
148:	1 
1482:	1 
1483:	1 
1484:	2 
1485:	1 
1487:	1 
149:	1 
1491:	1 2 
1494:	1 
1497:	2 
150:	1 
1506:	1 
1507:	1 
1508:	1 
151:	1 
1511:	1 
1513:	2 
1515:	1 
152:	2 
1521:	1 
1529:	1 
153:	1 1 
1531:	1 
154:	1 
1545:	1 
1548:	1 
1550:	1 
157:	1 
1571:	3 
1572:	2 
1573:	1 
1574:	2 
1575:	1 
1576:	1 
1577:	1 
1578:	3 
1579:	1 
1580:	1 
1581:	1 
1582:	1 
1583:	1 
1584:	1 
1585:	1 
1586:	2 
1587:	2 
1588:	1 
1589:	1 1 
159:	1 
1590:	1 2 1 1 1 1 1 1 1 1 1 1 1 1 1 1 1 1 1 1 1 1 1 1 1 1 1 1 1 1 1 1 1 1 1 1 1 1 1 1 1 1 1 1 1 1 1 1 1 1 1 1 1 1 1 1 1 1 1 1 1 1 1 1 1 1 1 1 1 1 1 1 1 1 1 1 1 1 1 1 1 1 1 1 1 1 1 1 1 1 1 1 1 1 1 1 1 1 1 1 1 1 1 1 1 1 1 1 1 1 1 1 1 1 1 1 1 1 1 1 1 1 1 1 
1591:	1 
1592:	1 
1594:	1 
1595:	1 
1597:	1 
1599:	1 
16:	1 
160:	1 1 
1601:	1 
1603:	1 
1604:	1 
1605:	2 1 
1606:	1 
1607:	1 
1608:	1 
1609:	1 
1610:	1 
1611:	2 1 1 1 1 1 1 1 1 1 1 1 1 1 1 1 1 1 1 1 1 1 1 1 1 1 1 1 1 1 1 1 1 1 1 1 1 1 1 1 1 1 1 1 1 1 1 1 1 1 1 1 1 1 1 1 1 1 1 1 1 1 1 1 1 1 1 1 1 1 1 1 1 1 1 1 1 1 1 1 1 1 1 1 1 1 1 1 1 1 1 1 1 1 1 1 1 1 1 1 1 1 1 1 1 1 1 1 1 1 1 1 1 1 1 1 1 1 1 1 1 1 1 
1612:	1 
1615:	1 1 1 
1616:	1 
162:	1 
1624:	2 
163:	1 
1635:	4 
1636:	1 
1637:	1 
1638:	1 
1639:	1 
164:	1 
1640:	2 
1641:	1 
1642:	1 
1644:	1 
165:	10 
1655:	3 
1656:	1 
1662:	1 
1663:	2 
1664:	1 
167:	1 
1675:	2 1 
168:	1 
1680:	1 
1682:	1 
1685:	1 
1687:	3 
1688:	2 1 1 1 1 1 1 1 1 1 1 1 1 1 1 1 1 1 1 1 1 1 1 1 1 1 1 1 1 1 1 1 1 1 1 1 1 1 1 1 1 1 1 1 1 1 1 1 1 1 1 1 1 1 1 1 1 1 1 1 1 1 1 1 1 1 1 1 1 1 1 1 1 1 1 
1689:	1 
169:	1 
1690:	1 
1691:	1 
1692:	2 1 
1694:	1 
1695:	1 
1698:	1 
170:	1 
1701:	1 
1712:	1 
1715:	3 
1716:	1 
1717:	1 
1718:	4 
173:	1 
174:	1 
1740:	1 
1742:	1 
1743:	1 
1744:	1 
1745:	1 
1746:	1 
1747:	1 
1748:	2 2 
1749:	1 
175:	1 
1750:	2 
1751:	1 
1752:	3 
1753:	1 
1754:	1 
1755:	1 
1756:	1 
1757:	1 
1758:	1 
1759:	2 
176:	1 
1760:	1 
1761:	3 
1762:	1 
1763:	1 1 
1765:	1 
1767:	1 2 
177:	1 1 
1770:	1 
1771:	1 
178:	1 
1789:	3 
179:	1 
1791:	3 
1793:	1 
1794:	2 
1795:	1 
1797:	1 
18:	1 
1800:	1 
1802:	1 
1813:	2 
1814:	3 
1815:	1 
1816:	2 
1817:	2 
1818:	1 
1819:	4 
1820:	1 
1821:	2 
1822:	2 1 
1824:	1 
1825:	1 
1826:	1 
1827:	1 
1828:	1 
1829:	1 
1830:	1 
1831:	1 
1832:	1 
1833:	1 
1834:	1 
1835:	1 
1836:	1 
1837:	1 
1838:	1 1 1 
1839:	1 
1840:	1 
1841:	1 
1842:	1 
1843:	1 
1845:	1 1 
1850:	3 1 1 1 1 1 1 1 1 1 1 1 1 1 1 1 1 1 18 1 1 1 1 1 1 1 1 1 1 1 1 1 1 1 1 1 1 1 1 1 1 1 1 1 1 1 1 1 1 1 1 1 1 1 1 1 1 1 1 1 1 1 1 1 1 1 1 1 1 1 1 1 1 1 1 1 1 1 1 1 1 1 1 1 1 1 1 1 1 1 1 1 1 1 1 1 1 1 1 1 1 1 1 1 1 1 1 1 1 1 1 1 1 1 1 1 1 1 1 1 1 1 1 1 1 1 1 1 1 1 1 1 1 1 1 1 1 1 1 1 1 1 1 1 1 1 1 1 1 1 1 1 1 1 1 1 1 1 1 1 1 1 1 1 1 1 1 1 1 1 1 1 1 1 1 1 1 1 1 1 1 1 1 1 1 1 1 1 1 1 1 1 1 1 1 1 1 1 1 1 1 1 1 1 1 1 1 1 1 1 1 1 1 1 1 1 1 1 1 1 1 1 1 1 1 1 1 1 1 1 1 1 1 1 1 1 1 
1851:	1 
1856:	1 
1857:	1 
1858:	2 
1859:	2 
1860:	1 
1861:	2 
1862:	1 
1863:	1 
1864:	1 
1865:	1 
1866:	2 
1870:	1 
1874:	1 
1880:	1 
1881:	1 
1884:	1 
1885:	1 
1886:	1 
1889:	2 
1890:	8 
1892:	1 
1893:	1 1 
1894:	1 1 
190:	2 
1902:	1 1 1 1 1 1 1 1 1 1 1 1 1 1 1 1 1 1 1 1 1 1 1 1 1 1 1 1 1 1 1 1 1 1 1 1 1 1 1 1 1 1 1 1 1 1 1 1 1 1 1 1 1 1 1 1 1 1 1 1 1 1 1 1 1 1 1 1 1 1 1 1 1 1 1 1 1 1 1 1 1 1 1 1 1 1 1 1 1 1 1 1 1 1 1 1 1 1 1 1 1 1 1 1 1 1 1 1 1 1 1 1 
1906:	1 1 1 1 1 1 1 1 1 1 1 1 1 1 1 1 1 1 1 1 1 1 1 1 1 1 1 1 1 1 1 1 1 1 1 1 1 1 1 1 1 1 1 1 1 1 1 1 1 1 1 1 1 1 1 1 1 1 1 1 1 1 1 1 1 1 1 1 1 1 1 1 1 1 1 1 1 1 1 1 1 1 1 1 1 1 1 1 1 1 1 1 1 1 1 1 1 1 1 1 1 1 1 1 1 1 1 1 1 1 1 1 1 1 
1907:	1 1 1 1 2 1 1 1 1 1 1 1 1 1 1 1 1 1 1 1 1 1 1 1 1 1 1 1 1 1 1 1 1 1 1 1 1 1 1 1 1 1 1 1 1 1 1 1 1 1 1 1 1 1 1 1 1 1 1 1 1 1 1 1 1 1 1 1 1 1 1 1 1 1 1 
1911:	1 
1914:	1 
1918:	3 1 1 1 1 1 1 1 1 1 1 1 1 1 1 1 1 1 1 1 1 1 1 1 1 1 1 1 1 1 1 1 1 1 1 1 1 1 1 1 1 1 1 1 1 1 1 1 1 1 1 1 1 1 1 1 1 1 1 1 1 1 1 1 1 1 1 1 1 1 1 1 1 1 1 1 1 1 1 1 1 1 1 1 1 1 1 1 1 1 1 1 1 1 1 1 1 1 1 1 1 1 1 1 1 1 1 1 1 1 1 1 1 1 1 1 1 1 1 1 1 1 1 1 1 1 1 1 1 1 1 1 1 1 1 1 1 1 1 1 1 1 1 1 1 1 1 1 1 1 1 1 1 1 1 1 1 1 1 1 1 1 1 1 1 1 1 1 1 1 1 1 1 1 1 1 1 1 1 1 1 1 1 1 1 1 1 1 1 1 1 1 1 1 1 1 1 1 
192:	1 
193:	1 
194:	2 2 
1945:	3 
1947:	2 
1948:	1 
1949:	1 
195:	1 
1950:	3 
1951:	1 
1952:	2 
1954:	2 1 
1955:	1 
1957:	1 
196:	3 
197:	2 
198:	1 
199:	4 
1998:	1 
2:	1 
200:	2 
2000:	1 
2003:	2 
2005:	1 
2006:	1 
2007:	1 
2008:	1 
2009:	1 
201:	1 
2010:	1 
2014:	2 
2016:	2 
2017:	3 
2018:	3 1 
202:	7 
2020:	3 
2023:	3 
2024:	2 
2025:	2 
2026:	1 
2027:	1 
2028:	1 
2029:	2 
2030:	2 
2031:	2 1 
2032:	3 
2033:	1 
2034:	4 
2037:	2 
2039:	1 
2047:	2 
2053:	1 
2054:	1 
2057:	1 
2060:	1 
207:	1 
2075:	1 
21:	1 
2105:	1 1 1 1 1 1 1 1 1 1 1 1 1 1 1 1 1 1 1 1 1 1 1 1 1 1 1 1 2 1 1 1 1 1 1 1 1 1 1 1 1 1 1 1 1 1 1 1 1 1 1 1 1 1 1 1 1 1 1 1 1 1 1 1 1 1 1 1 1 1 1 1 1 1 1 1 1 1 1 1 1 1 1 1 1 1 1 1 
2111:	1 1 1 2 1 1 1 1 1 1 1 1 1 1 1 1 1 1 1 1 1 1 1 1 1 1 1 1 1 1 1 1 1 1 1 1 1 1 1 1 1 1 1 1 1 1 1 1 1 1 1 1 1 1 1 1 
2115:	2 
2122:	1 
2127:	1 
213:	1 
2138:	1 
2143:	1 
2153:	1 
2154:	1 
2155:	1 
2167:	1 
2168:	5 
2172:	3 
2173:	3 
2174:	1 
2175:	1 
2176:	3 
2177:	2 
2178:	1 
2179:	5 
2180:	5 
2181:	1 
2182:	2 
2183:	1 1 
2186:	1 
2187:	1 
2188:	2 
219:	1 
2191:	1 
2195:	2 
2196:	1 
2197:	1 
2198:	1 
2199:	1 
22:	1 
220:	1 
2200:	2 
2201:	4 
2202:	1 
2203:	2 
2204:	1 
2205:	1 
2206:	1 
2208:	1 
2210:	1 
2218:	1 
222:	1 
2223:	1 
2224:	1 
2225:	1 
2227:	1 
223:	1 
2234:	2 
2235:	1 1 
2236:	1 
2237:	1 
2238:	2 
2239:	1 
2240:	1 1 
2241:	2 
2242:	1 1 
2243:	1 
2244:	1 1 
2245:	1 
2247:	1 
2248:	1 
2249:	1 
2250:	1 
2251:	1 
2252:	1 
2253:	3 
2254:	1 
2255:	1 1 
2256:	1 
2257:	1 
2258:	1 
2259:	1 
2262:	2 
2264:	1 
2265:	1 
227:	1 
2273:	1 
2278:	1 
2279:	2 
2282:	3 
2283:	8 
2287:	2 
23:	1 
230:	1 
2300:	2 
2301:	2 
2302:	1 
2304:	1 
2305:	1 
2308:	1 
2309:	1 
2310:	1 
2312:	2 
2313:	1 
2323:	1 
2328:	2 
2329:	1 
2334:	1 
2337:	1 
234:	1 
2341:	2 
2342:	1 
2343:	2 
2344:	2 
2345:	1 
2346:	1 
2347:	1 
2348:	1 
2349:	1 
2350:	2 
2351:	1 
2352:	1 
2363:	1 
2365:	1 
2366:	1 
2367:	2 
2368:	1 
2369:	1 
2370:	1 
2371:	2 
2372:	1 
2373:	2 
2375:	2 
2376:	1 
2377:	1 
2378:	1 
2379:	2 
2380:	1 
2381:	1 
2382:	2 
2383:	2 
2384:	1 
2385:	3 
2387:	1 
239:	1 
2396:	1 
24:	2 
2403:	3 1 1 1 1 1 1 1 1 1 1 1 1 1 1 1 1 1 1 1 1 1 1 1 1 1 1 1 1 1 1 1 1 1 1 1 1 1 1 1 1 1 1 1 1 1 1 1 1 1 1 
2406:	1 
2407:	1 
241:	2 
2410:	1 
2412:	1 1 
2414:	1 
2415:	1 
2416:	1 
2417:	1 
2419:	1 
242:	1 
2420:	1 
2422:	1 
2423:	1 
2424:	6 
2425:	1 
2426:	5 
2427:	1 
2428:	1 
2429:	1 
2430:	1 1 
2431:	1 
2432:	1 1 
2433:	1 
2434:	1 1 
2435:	1 
2436:	1 
2437:	1 
2438:	1 
2439:	1 
244:	1 1 
2440:	1 
2441:	3 
2442:	1 
2443:	2 
2444:	1 
2445:	2 1 1 1 1 1 1 1 1 1 1 1 1 1 1 1 1 1 1 1 1 1 1 1 1 1 1 1 1 1 1 1 1 1 1 1 1 1 1 1 1 1 1 1 1 1 1 1 1 1 1 1 1 1 1 1 1 1 1 1 1 1 1 1 1 1 1 1 1 1 1 1 1 1 1 1 1 1 1 1 1 1 1 1 1 1 1 1 1 1 1 1 1 
2446:	1 1 
2447:	1 
2448:	1 
2449:	1 
245:	1 1 
2450:	1 
2451:	3 
2452:	1 
2453:	1 
2454:	1 
2455:	1 
2457:	1 
246:	2 
2462:	4 
2463:	1 
2464:	1 
2466:	1 
247:	1 
2475:	2 
2477:	1 
2478:	1 
2479:	1 
2480:	1 
2481:	1 
2482:	1 
2483:	2 
2484:	3 
2485:	2 
2486:	1 
2487:	1 
2490:	1 
2497:	1 
25:	1 
250:	2 
2502:	1 
2505:	1 
2506:	1 
2507:	1 
2508:	1 
251:	2 
2510:	1 
2511:	2 
252:	1 1 
2526:	1 1 
2527:	1 
2528:	1 
2529:	1 
253:	2 
2530:	1 
2531:	1 
2532:	1 
2533:	1 
2534:	1 
2535:	1 
2536:	5 
2537:	1 1 
2538:	1 
2539:	1 
254:	1 
2541:	1 1 1 
2542:	1 
2546:	2 
2547:	3 
2548:	1 
2549:	33 7 10 
2550:	29 7 
2551:	1 
2552:	1 
2553:	1 
2554:	1 
2555:	1 
2556:	1 
2557:	1 
2562:	1 
257:	1 
258:	1 
2580:	1 
2582:	2 
2583:	1 
2584:	1 
2585:	1 
2586:	1 
2587:	2 1 1 1 1 1 1 1 1 1 1 1 1 1 1 1 1 1 1 1 1 1 1 1 1 1 1 1 1 1 1 1 1 1 1 1 1 1 1 1 1 1 1 1 1 1 1 1 1 1 1 1 1 1 1 1 1 1 1 1 1 1 1 1 1 1 1 1 1 1 1 1 1 1 1 1 1 1 1 1 1 1 1 1 1 1 1 1 1 1 1 1 1 1 1 1 1 1 1 1 1 1 1 1 1 1 
2588:	3 
2589:	3 
259:	1 
26:	1 
260:	2 
2602:	1 
2608:	1 
2610:	1 
2611:	2 
2614:	1 
2615:	1 
2616:	1 
2617:	1 
2618:	1 
262:	2 
2620:	1 
2621:	2 
2622:	1 
2623:	1 
2624:	1 
2625:	1 
2626:	1 
2627:	1 
2628:	1 
2629:	1 
263:	1 
2630:	1 2 
2631:	1 
2632:	1 
2633:	1 
2635:	2 
2636:	1 
2637:	2 
2638:	2 
2639:	1 
2640:	1 
2641:	1 
2642:	2 
2643:	2 
2644:	1 
2645:	2 
2646:	2 
2647:	1 
2650:	3 
2651:	1 
2652:	2 
2653:	2 
2654:	1 
2655:	1 
2656:	1 
2657:	1 
2658:	1 
2659:	1 
266:	1 
2660:	1 
2661:	1 
2662:	6 2 
2664:	2 
2675:	2 
27:	1 
2706:	1 
2709:	1 
2711:	1 
2712:	1 
2714:	1 
2717:	1 
2722:	1 
2725:	1 
273:	1 
2734:	1 
2737:	1 
2738:	1 
274:	1 
2743:	1 
2745:	1 
2746:	2 2 
275:	2 
276:	1 
2761:	1 
2769:	1 
277:	1 
2770:	1 
2771:	1 
2773:	4 
2778:	2 
2779:	4 1 1 1 1 1 1 1 1 1 1 1 1 1 1 1 1 1 1 1 4 1 1 1 1 1 1 1 1 1 1 1 1 1 1 1 1 1 1 1 1 1 1 1 1 1 1 1 1 1 1 1 1 1 1 1 1 1 1 1 1 1 1 1 1 1 1 1 1 1 1 1 1 1 1 1 1 1 1 1 1 1 1 1 1 1 1 1 1 1 1 1 1 1 1 1 1 1 1 1 1 1 1 1 1 1 1 1 1 1 1 1 1 1 1 1 1 1 1 1 1 1 1 1 1 1 1 1 1 1 1 1 1 1 1 1 1 1 1 1 1 1 1 1 1 1 1 1 1 1 1 1 1 1 1 1 1 1 1 1 1 1 1 1 1 1 1 1 1 1 1 1 1 1 1 1 1 1 1 1 1 1 1 1 1 1 1 1 1 1 1 1 1 1 1 1 1 1 
278:	1 
2780:	1 
2781:	1 
2783:	2 
2785:	1 
2788:	1 
279:	1 
2792:	1 1 
2794:	1 
28:	1 
280:	1 
2807:	1 
2808:	1 
2809:	1 
281:	1 
2810:	1 
2811:	3 
2812:	1 
2813:	1 
2814:	1 3 
2815:	1 
2816:	1 
2818:	1 
2819:	1 
282:	1 
2820:	1 
2821:	1 
2822:	1 
2823:	1 
2824:	1 
2825:	1 
2826:	1 
2828:	1 
2829:	2 
283:	1 
2833:	1 
2834:	1 
2835:	1 2 
2836:	1 
2837:	1 
2838:	1 
2839:	1 
284:	2 
2840:	1 
2841:	1 
2842:	1 1 
2843:	1 
2844:	1 
2845:	1 
2846:	1 
2849:	1 
285:	1 
2850:	1 
2851:	1 
2852:	1 
2853:	1 
2854:	1 
2855:	1 
2856:	1 1 
2857:	1 
2858:	1 
2859:	1 
286:	1 
2860:	1 
2861:	1 
2862:	1 
2863:	1 
2864:	1 
2865:	1 
2866:	1 
2867:	1 
2868:	4 
2869:	1 
287:	1 
2870:	1 
2871:	1 
2872:	1 
2873:	1 
2874:	1 
2875:	2 
2876:	1 
2877:	1 
2878:	1 
2879:	1 
288:	2 
2880:	1 
2881:	1 
2886:	1 
2887:	1 
2888:	1 
289:	2 
2894:	1 1 
2899:	1 
29:	2 
290:	1 
2901:	1 
2903:	1 
2904:	1 
2905:	1 
2906:	1 
2907:	1 
2908:	2 1 
2909:	2 
291:	2 
2910:	1 
2911:	1 
2912:	1 
2913:	1 
2914:	1 
2915:	1 
2916:	2 
2917:	2 
2918:	2 
2919:	1 
292:	2 
2920:	2 
2921:	1 
2922:	1 
2923:	4 
2924:	2 
2925:	3 
2926:	1 
2927:	5 
2928:	1 
2929:	1 
293:	2 
2930:	2 
2931:	1 
2935:	1 
2936:	2 
294:	1 
2940:	2 
2941:	1 
2945:	1 
2947:	1 
295:	2 
2950:	2 
2952:	2 
2954:	1 
2957:	1 
2958:	3 
2959:	3 
296:	1 
2960:	1 
2961:	1 
2965:	1 
2967:	2 
2968:	1 
297:	1 
2970:	1 
2972:	1 
2973:	1 
2978:	1 
298:	1 
2981:	5 
2982:	2 
2983:	1 
2984:	1 
2985:	1 
2986:	1 
2987:	1 
2988:	1 1 
2989:	1 
299:	1 
2990:	1 1 2 
2991:	1 
2992:	3 
2993:	1 
2994:	1 
2995:	1 
2996:	2 
2997:	1 
2998:	1 
2999:	7 
300:	1 
3000:	1 
3001:	1 
3002:	1 
3003:	1 
3005:	1 
3006:	1 
3007:	5 
3009:	2 
301:	1 
3010:	5 
3013:	1 
3014:	5 
3015:	1 2 
3016:	1 
3017:	2 
3018:	2 
302:	1 
3020:	1 
3021:	1 
3022:	1 1 
3023:	1 1 1 
3024:	1 
3025:	1 
3026:	1 
3028:	2 1 1 1 1 1 1 1 1 1 1 1 1 1 1 1 1 1 1 1 1 1 1 1 1 1 1 1 1 1 1 1 1 1 1 1 1 1 1 1 1 1 1 1 1 1 1 1 1 1 1 1 1 1 1 1 1 1 1 1 1 1 1 1 1 1 1 1 1 1 1 1 1 1 1 1 1 1 1 1 1 1 1 1 1 1 1 1 1 1 1 1 1 1 1 1 1 1 1 1 1 1 1 1 1 1 1 
3029:	1 
303:	1 
3030:	1 
3033:	1 
3034:	2 
3037:	3 
3038:	1 
3039:	1 
304:	30 9 10 5 
3040:	2 
3045:	1 
3047:	1 
3048:	1 
305:	1 
3051:	1 
3053:	1 
3054:	1 
306:	1 
3065:	1 
3066:	1 
3067:	1 
3068:	4 
3069:	1 
307:	1 
3070:	1 
3071:	3 
3072:	2 
3073:	2 
3074:	2 
3075:	1 
3076:	1 
3077:	1 
3078:	1 
3079:	1 
308:	1 3 
3080:	2 
3081:	1 
3083:	1 
3084:	1 1 1 1 1 1 1 1 1 1 1 1 1 1 1 1 1 1 1 1 1 1 1 1 1 1 1 1 1 1 1 1 1 1 1 1 1 1 1 1 1 1 1 1 1 1 1 1 1 1 1 1 1 1 1 1 1 1 1 1 1 1 1 1 1 1 1 1 1 1 1 1 1 1 1 1 1 1 1 1 1 1 1 1 1 1 1 1 1 1 1 1 1 1 1 
3085:	1 
3086:	1 1 1 1 1 1 1 1 1 1 1 1 1 1 1 1 1 1 1 1 1 1 1 1 1 1 1 1 1 1 1 1 1 1 1 1 1 1 1 1 1 1 1 1 1 1 1 1 1 1 1 1 1 1 1 1 1 1 1 1 1 1 1 1 1 1 1 1 1 1 1 1 1 1 1 1 1 1 1 1 1 1 1 1 1 1 1 1 1 1 1 1 1 1 1 1 
3087:	1 
3088:	1 
3089:	1 
3091:	1 
31:	2 
310:	1 
3102:	1 
3106:	2 1 1 1 1 1 1 1 1 1 1 1 1 1 1 1 1 1 1 1 1 1 1 1 1 1 1 1 1 1 1 1 1 1 1 1 1 1 1 1 1 1 1 1 1 1 1 1 1 1 1 1 1 1 1 1 1 1 1 1 1 1 1 1 1 1 1 1 1 1 1 1 1 1 1 1 1 1 1 1 1 1 1 1 1 1 1 1 1 1 1 1 1 1 1 1 1 1 1 1 
3107:	1 
311:	1 
3113:	1 
3114:	2 
3115:	1 
3116:	4 
3117:	1 
3118:	3 2 
3119:	1 
3120:	1 
3121:	1 
3122:	1 
3123:	1 
3124:	3 
3125:	2 
3126:	2 
3128:	1 
3129:	3 
313:	1 
3130:	2 
3131:	1 
3133:	1 
3136:	1 
3137:	1 
3138:	2 
3139:	1 
3142:	2 
3145:	2 2 1 
3147:	1 
315:	2 
3150:	1 
3155:	1 
3158:	1 
3162:	1 
3166:	1 
3167:	1 
3168:	2 
3173:	1 
3174:	1 
3175:	2 
3176:	1 
3177:	1 
3178:	1 
3179:	3 
318:	1 1 
3180:	2 
3181:	1 
3182:	2 
3183:	2 
3184:	1 
3185:	1 
3186:	2 
3187:	1 
3188:	1 
3189:	1 
3190:	2 
3191:	1 
3192:	1 
3193:	1 
3194:	1 
3195:	1 
3198:	1 
32:	1 
3200:	1 
3202:	1 
3206:	1 
3208:	1 
3209:	1 
3210:	1 1 
3212:	1 
3215:	1 
3216:	1 
3217:	1 
3218:	1 
3219:	1 
3220:	1 
3221:	1 
3222:	1 
3223:	1 
3224:	1 
3225:	1 
3226:	1 
3227:	1 
3228:	1 
3229:	1 
3230:	1 
3231:	1 
3232:	1 
3233:	1 
3234:	1 
3235:	1 
3236:	1 
3237:	1 
3238:	1 
3239:	1 
3240:	1 
3241:	1 1 1 
3243:	6 1 1 
3244:	16 
3248:	1 1 
3249:	1 
325:	1 
3250:	1 
3251:	2 
3252:	1 1 
326:	1 
3263:	1 
3264:	3 
3265:	1 
3266:	2 
3267:	1 
3268:	2 
3269:	2 
327:	1 
3270:	1 
3271:	1 
3272:	1 
3273:	1 
3274:	1 
3275:	1 
3276:	2 
3277:	1 
3278:	1 
3279:	2 
328:	1 
3280:	1 
3281:	5 
3282:	2 
3283:	1 
3285:	1 
3286:	1 
3288:	1 
329:	1 1 1 1 1 1 1 1 1 1 1 1 1 1 1 1 1 1 1 1 1 1 1 1 1 1 1 1 1 1 1 1 1 1 1 1 1 1 1 1 1 1 1 1 1 1 1 1 1 1 1 1 1 1 1 1 1 1 1 1 1 1 1 1 1 1 1 1 1 1 1 1 1 1 1 
3291:	1 1 
3293:	1 
3294:	1 
3295:	1 30 21 2 
33:	2 
330:	1 1 1 1 1 1 1 1 1 1 1 1 1 1 1 1 1 1 1 1 1 1 1 1 1 1 1 1 1 1 1 1 1 1 1 1 1 1 1 1 1 1 1 1 1 1 1 1 1 1 1 1 1 1 1 1 1 1 1 1 1 1 1 1 1 1 1 1 1 1 1 1 1 1 1 
3302:	1 
3304:	1 
3305:	1 
3310:	1 
3313:	1 
3314:	1 
332:	1 
3323:	1 
333:	1 1 1 1 1 1 1 1 1 1 1 1 1 1 1 1 1 1 1 1 1 1 1 1 1 1 1 1 1 1 1 1 1 1 1 1 1 1 1 1 1 1 1 1 1 1 1 1 1 1 1 1 1 1 1 1 1 1 1 1 1 1 1 1 1 1 1 1 1 1 1 1 1 
3330:	1 
3334:	1 
3338:	2 1 1 1 1 1 1 1 1 1 1 1 1 1 1 1 1 1 1 1 1 1 1 1 1 1 1 1 1 1 1 1 1 1 1 1 1 1 1 1 1 1 1 1 1 1 1 1 1 1 1 1 1 2 
3339:	1 
334:	1 1 1 1 1 1 1 1 1 1 1 1 1 1 1 1 1 1 1 1 1 1 1 1 1 1 1 1 1 1 1 1 1 1 1 1 1 1 1 1 1 1 1 1 1 1 1 1 1 1 1 1 1 1 1 1 1 1 1 1 1 1 1 1 1 1 1 1 1 1 1 1 1 1 1 1 1 1 1 1 1 1 1 1 1 1 1 1 1 1 1 1 1 1 1 1 1 1 1 1 1 1 1 1 1 1 1 1 1 1 1 1 1 1 1 1 1 1 1 
3343:	1 
335:	1 1 1 1 1 1 1 1 1 1 1 1 1 1 1 1 1 1 1 1 1 1 1 1 1 1 1 1 1 1 1 1 1 1 1 1 1 1 1 1 1 1 1 1 1 1 1 1 1 1 1 1 1 1 1 1 1 1 1 1 1 1 1 1 1 1 1 1 1 1 1 1 1 1 1 1 2 
3356:	1 
3358:	1 1 
336:	1 
3361:	1 
3362:	1 1 
3366:	1 
3368:	2 
3369:	1 
3371:	4 
3372:	1 
3374:	2 
3375:	13 
3376:	2 
3377:	2 
338:	1 1 1 1 1 1 1 1 1 1 1 1 1 1 1 1 1 1 1 1 1 1 1 1 1 1 1 1 1 1 1 1 1 1 1 1 1 1 1 1 1 1 1 1 1 1 1 1 1 1 1 1 1 1 1 1 1 1 1 1 1 1 1 1 1 1 1 1 1 1 1 1 1 1 
3381:	2 
3382:	4 
3383:	1 
3384:	1 
3385:	2 
3386:	1 
339:	1 1 1 1 1 1 1 1 1 1 1 1 1 1 1 1 1 1 1 1 1 1 1 1 1 1 1 1 1 1 1 1 1 1 1 1 1 1 1 1 1 1 1 1 1 1 1 1 1 1 1 1 1 1 1 1 1 1 1 1 1 1 1 1 1 1 1 1 1 1 1 1 1 1 1 2 
3395:	2 1 
34:	1 
340:	1 1 1 1 1 1 1 1 1 1 1 1 1 1 1 1 1 1 1 1 1 1 1 1 1 1 1 1 1 1 1 1 1 1 1 1 1 1 1 1 1 1 1 1 1 1 1 1 1 1 1 1 1 1 1 1 1 1 1 1 1 1 1 1 1 1 1 1 1 1 1 1 1 1 1 1 1 1 1 1 1 1 1 1 1 1 1 1 1 1 1 1 1 1 1 1 1 1 1 1 1 1 1 1 
3400:	1 
3401:	2 
3402:	1 
3405:	2 
341:	1 
3419:	2 
342:	1 1 1 1 1 1 1 1 1 1 1 1 1 1 1 1 1 1 1 1 1 1 1 1 1 1 1 1 1 1 1 1 1 1 1 1 1 1 1 1 1 1 1 1 1 1 1 1 1 1 1 1 1 1 1 1 1 1 1 1 1 1 1 1 1 1 1 1 1 1 1 1 1 1 1 1 
3420:	1 
3421:	1 
3422:	1 
3423:	1 
3424:	1 
3425:	1 
3426:	1 
3427:	1 
3428:	2 
3429:	1 
343:	1 
3430:	1 
3431:	1 
3432:	2 
3436:	2 
3438:	1 
3439:	1 
344:	1 1 1 1 1 1 1 1 1 1 1 1 1 1 1 1 1 1 1 1 1 1 1 1 1 1 1 1 1 1 1 1 1 1 1 1 1 1 1 1 1 1 1 1 1 1 1 1 1 1 1 1 1 1 1 1 1 1 1 1 1 1 1 1 1 1 1 1 1 1 1 1 1 1 1 1 1 1 1 1 1 1 1 1 1 1 1 1 1 1 1 1 1 1 1 1 1 1 1 1 1 1 1 1 1 1 1 1 1 1 1 1 1 1 1 1 
3440:	3 
3441:	2 
3442:	1 
3443:	1 
3444:	1 1 
3445:	1 1 
3447:	1 
3449:	4 
345:	1 
3450:	1 1 
3451:	1 1 
3454:	2 
346:	1 
3466:	2 
3467:	1 
3469:	1 
347:	1 
3470:	1 
3474:	1 
3475:	2 
3487:	3 
3492:	1 
3495:	1 
3497:	1 
35:	1 
3504:	1 
3505:	1 
3506:	1 
3508:	1 
3509:	2 
3514:	3 
3515:	1 1 
3518:	5 
3519:	2 
3521:	1 
3522:	1 
3523:	1 
3532:	1 
3536:	1 
3537:	1 
3541:	1 
3559:	1 
3560:	1 
3561:	3 
3566:	1 1 
3567:	1 
3568:	1 
3569:	1 
3571:	1 
3579:	1 
358:	1 
3582:	2 
3583:	1 
3585:	1 
3588:	4 
3590:	1 
3593:	1 
3595:	1 1 
3596:	1 
3599:	2 
36:	1 
3600:	1 
3602:	1 
3603:	1 
3604:	1 
3605:	2 
3606:	1 1 
3607:	1 3 
3608:	1 
362:	1 
3631:	1 
3634:	1 1 
3635:	1 
3636:	2 
3638:	3 
3639:	3 
3640:	1 
3642:	1 
3643:	1 
3644:	4 
3645:	3 
3646:	1 1 
3647:	3 
366:	1 
3660:	1 
3664:	1 1 
3666:	1 
3667:	1 
3668:	1 
3669:	1 
3670:	2 
3671:	2 
3672:	3 
3674:	1 
3677:	1 
3679:	1 
368:	1 3 1 
3680:	1 1 
3681:	2 
3682:	3 
3684:	1 
3686:	1 
3687:	1 
3688:	3 
3689:	1 
3690:	1 
3692:	1 
3693:	2 
37:	1 
370:	1 
371:	1 
3714:	2 
3721:	1 
3722:	1 
3723:	2 
3726:	1 
3727:	1 
3728:	2 
3730:	1 
3731:	1 
3732:	1 
3733:	1 
3734:	1 
3735:	1 
3736:	1 
3737:	1 
3738:	1 
3739:	2 
3740:	1 
3742:	2 
3743:	1 
3744:	1 1 
3745:	1 
3746:	2 
3747:	1 
3748:	1 1 1 
3749:	1 
3750:	3 1 1 1 1 1 1 1 1 1 1 1 1 1 1 1 1 1 1 1 1 1 1 1 1 1 1 1 1 1 1 1 1 1 1 1 1 1 1 1 1 1 1 1 1 1 1 1 1 1 1 1 1 1 1 1 1 1 1 1 1 1 1 1 1 1 1 1 1 1 1 1 1 1 1 1 1 1 1 1 1 1 1 1 1 1 1 1 1 1 1 1 1 1 1 1 1 1 1 1 1 1 1 1 1 1 1 1 1 1 1 1 1 1 1 1 1 1 1 1 1 4 
3751:	1 
3752:	1 
3753:	2 
3754:	1 
3755:	1 
3756:	2 
3757:	1 
3758:	1 
3759:	1 
376:	1 
3760:	3 
3761:	1 
3762:	1 
3763:	2 
3765:	1 
3772:	1 
3774:	1 
3775:	1 
3777:	1 
3778:	2 
3779:	4 
378:	1 2 
3780:	1 
3781:	2 
3782:	1 
3783:	2 1 1 1 1 1 1 1 1 1 1 1 1 1 1 1 1 1 1 1 1 1 1 1 1 1 1 1 1 1 1 1 1 1 1 1 1 1 1 1 1 1 1 1 1 1 1 1 1 1 1 1 1 1 1 1 1 1 1 1 1 1 1 1 1 1 1 1 1 1 1 1 1 1 1 1 1 1 1 1 1 1 1 1 1 1 1 1 1 1 1 1 1 1 1 1 1 1 1 1 1 1 1 1 1 1 1 1 
3784:	1 
3785:	1 
3787:	2 1 1 
3788:	1 
3791:	2 
38:	3 
380:	1 
3805:	1 
3807:	1 
3809:	1 
3810:	1 
3813:	1 
3815:	2 
3816:	1 1 
3817:	1 
3818:	1 
3820:	1 
3821:	1 
3822:	1 
3823:	1 
3824:	1 
3825:	1 
3826:	1 
3827:	1 
3828:	1 
3829:	1 
3830:	1 
3831:	2 
3832:	1 
3833:	1 
3834:	2 
3835:	1 
3836:	1 
3844:	1 
3845:	2 1 
3846:	2 
3847:	1 
3849:	1 
3851:	1 1 
3853:	1 
3854:	1 
3855:	1 
3858:	1 
3859:	1 
3860:	1 1 1 1 1 1 1 1 1 1 1 1 1 1 1 1 1 1 1 1 1 1 1 1 1 1 1 1 1 1 1 1 1 1 1 1 1 1 1 1 1 1 1 1 1 1 1 1 1 1 1 1 1 1 1 1 1 1 1 1 1 1 1 1 1 1 1 1 1 1 1 1 1 1 1 1 1 1 1 1 1 1 1 1 1 1 1 1 1 1 1 1 1 1 1 1 1 1 1 1 1 1 1 1 1 1 1 
3861:	1 
3862:	1 
3863:	1 
3865:	1 1 1 1 1 1 1 1 1 1 1 1 1 1 1 1 1 1 1 1 1 1 1 1 1 1 1 1 1 1 1 1 1 1 1 1 1 1 1 1 1 1 1 1 1 1 1 1 1 1 1 1 1 1 1 1 1 
3866:	1 1 1 1 1 1 1 1 1 1 1 1 1 1 1 1 1 1 1 1 1 1 1 1 1 1 1 1 1 1 1 1 1 1 1 1 1 1 1 1 1 1 1 1 1 1 1 1 1 1 1 1 1 1 1 1 1 1 1 1 1 1 1 1 1 1 1 1 1 1 1 1 1 1 1 1 1 1 1 1 1 1 1 1 1 1 1 1 1 1 1 1 1 1 1 1 1 1 1 1 1 1 1 1 1 1 1 1 1 1 1 1 1 1 1 1 1 1 1 1 1 
3867:	2 170 1 1 1 1 1 1 1 1 1 1 1 16 1 1 1 1 1 1 1 1 1 1 1 1 1 1 1 1 1 1 1 1 1 1 1 1 1 1 1 1 1 1 1 1 1 1 1 1 1 1 1 1 1 1 1 1 1 1 1 1 1 1 1 1 1 1 1 1 1 1 1 1 1 1 1 1 1 1 1 1 1 1 1 1 1 1 1 1 1 1 1 1 1 1 1 1 1 1 1 1 1 1 1 1 1 1 1 1 1 1 1 1 1 2 1 2 1 1 1 1 1 1 1 1 1 1 1 1 1 1 1 1 1 1 1 1 1 1 1 1 1 1 1 1 1 1 1 1 1 1 1 1 1 1 1 1 1 1 1 1 1 1 1 1 1 1 1 1 1 1 1 1 1 1 1 1 1 1 1 1 1 1 1 1 1 1 1 1 1 1 1 1 1 1 1 1 1 1 1 1 1 1 1 
3868:	1 
3869:	2 
387:	2 
3870:	1 
3871:	1 
3873:	2 2 1 1 1 1 1 1 1 1 1 1 1 1 1 1 1 2 1 1 1 1 1 1 1 1 1 1 1 1 1 1 1 1 1 1 1 1 1 1 1 1 1 1 1 1 1 1 1 1 1 1 1 1 1 1 1 1 1 1 1 1 1 1 1 1 1 1 1 1 1 1 1 1 1 1 1 1 1 1 1 1 1 1 1 1 1 1 1 1 1 1 1 1 1 1 1 1 1 1 1 1 1 1 1 1 1 1 1 1 1 1 1 1 1 1 1 1 1 1 1 1 1 1 1 1 1 1 1 1 1 1 1 1 1 1 1 1 1 1 1 1 1 1 1 1 1 1 1 1 1 1 1 1 1 1 1 1 1 1 1 1 1 1 1 1 1 1 1 1 1 1 1 1 1 1 1 1 1 1 1 1 1 1 1 1 1 1 1 1 1 1 1 1 1 1 1 1 1 1 1 1 1 1 1 1 1 1 1 1 1 1 1 1 1 1 1 1 1 1 1 1 1 1 1 1 1 1 1 1 1 1 1 1 1 1 1 1 1 1 1 1 1 1 1 1 
3874:	1 
3876:	2 
3877:	1 
3879:	1 
3880:	1 
3881:	1 
3882:	1 
3883:	1 
3885:	1 
3886:	1 
3887:	1 
3888:	3 
3889:	1 
3890:	2 
3891:	1 
3892:	2 
3895:	1 
3896:	2 1 
3897:	2 
3898:	1 
3899:	1 
39:	2 
3901:	2 
3902:	1 
3903:	1 
3904:	1 
3905:	1 
3907:	1 
3908:	1 
3909:	1 
3910:	1 
3911:	1 
3912:	1 
3914:	4 
3915:	4 1 
3919:	2 3 
392:	4 
3929:	2 1 
3930:	9 
3935:	1 
3938:	1 
3939:	2 
3940:	2 
3942:	1 
3943:	1 
3944:	2 
3945:	2 
3947:	2 3 
3949:	1 
3951:	2 
3954:	2 
3955:	1 
3956:	2 
3969:	1 
3991:	1 
3994:	1 
3995:	1 
3996:	1 
3998:	1 
3999:	1 1 
40:	4 1 
4000:	2 
4001:	1 
4002:	2 
4003:	1 
4004:	1 
4005:	3 
4006:	1 
4007:	2 3 
4008:	1 
4009:	1 
4010:	3 
4012:	1 
4013:	1 
4014:	1 
4015:	1 
4016:	1 
4017:	1 
4018:	1 
4019:	1 
4020:	1 
4021:	1 
4025:	1 
4031:	1 
4032:	1 
4033:	1 
4041:	2 
4048:	2 
4049:	5 
4052:	2 
4057:	2 1 1 1 1 1 1 1 1 1 1 1 1 1 1 1 1 1 1 1 1 1 1 1 1 1 1 1 1 1 1 1 1 1 1 1 1 1 1 1 1 1 1 1 1 1 1 1 1 1 1 1 1 1 1 1 1 1 1 1 1 1 1 1 1 1 1 1 1 1 1 1 1 1 1 1 1 1 1 1 1 1 1 1 1 1 1 1 1 1 1 1 1 1 1 1 1 1 1 1 1 
4060:	1 
4061:	1 
4072:	3 
4073:	1 
4076:	1 
4078:	1 
4079:	1 
4080:	1 
4081:	1 
4082:	1 
4083:	1 
4085:	1 
4087:	3 
4099:	2 1 1 1 1 1 1 1 1 1 1 1 1 1 1 1 1 1 1 1 1 1 1 1 1 1 1 1 1 1 1 1 1 1 1 1 1 1 1 1 1 1 1 1 1 1 1 1 1 1 1 1 1 1 1 1 1 1 1 1 1 1 1 1 1 1 1 1 1 1 1 1 1 1 1 1 1 1 1 1 1 1 1 1 1 1 1 1 1 1 1 1 1 1 1 1 1 1 1 1 1 1 1 1 1 1 1 1 1 1 1 1 1 1 1 1 
41:	1 
4100:	1 
4101:	1 
4104:	1 
4105:	1 
4106:	1 
4107:	1 
4111:	1 
4112:	1 
4113:	1 
4114:	2 
4115:	1 
4116:	1 
4118:	1 
4119:	1 
4120:	3 
4141:	2 
4143:	1 
4144:	1 
4145:	1 
4146:	1 
4147:	1 
4149:	2 
4150:	2 
4152:	1 
4155:	1 
4158:	2 
416:	3 
417:	2 
4171:	1 
4176:	1 
4177:	2 
4178:	4 
4179:	1 
418:	3 
4180:	2 
4181:	1 
4182:	1 
4183:	1 
4184:	2 
4185:	1 
4186:	2 
4187:	2 
4188:	6 
4189:	1 
419:	1 
4190:	1 
4191:	2 
4192:	2 
4193:	2 
4194:	1 
4195:	1 
42:	2 
4216:	2 
4217:	1 
4218:	1 
4219:	2 
422:	1 
4220:	1 
4221:	1 
4222:	1 
4223:	1 
4224:	1 
4225:	2 
4226:	1 
4227:	1 
4228:	1 
4229:	1 1 
423:	1 
4230:	1 
4231:	1 
4232:	1 
4233:	1 
4234:	2 
4235:	1 
4236:	1 
4237:	1 
4238:	1 1 1 
424:	2 
4240:	1 
4243:	1 
4244:	2 
4251:	2 
4259:	1 
426:	1 
4260:	1 1 
4261:	1 
4262:	1 
4263:	1 
4264:	1 
4265:	1 
4266:	1 
4267:	1 
4268:	1 
427:	1 
428:	1 
429:	1 
4298:	1 
4299:	1 
430:	1 
4300:	1 
4301:	1 
4302:	2 1 1 1 1 1 1 1 1 1 1 1 1 1 1 1 1 1 1 1 1 1 1 1 1 1 1 1 1 1 1 1 1 1 1 1 1 1 1 1 1 1 1 1 1 1 1 1 1 1 1 1 1 1 1 1 1 1 1 1 1 1 1 1 1 1 1 1 1 1 1 1 1 1 1 1 1 1 1 1 1 1 1 1 1 1 1 1 1 1 1 1 1 1 1 1 1 1 1 1 1 1 1 1 1 1 1 1 1 1 1 1 1 1 1 1 1 1 1 1 1 1 1 1 1 1 1 1 1 1 1 1 1 1 1 1 1 1 1 1 1 1 1 1 1 1 1 1 1 1 1 1 1 1 1 1 1 1 1 1 1 1 1 1 1 1 1 1 1 1 1 1 1 1 1 1 1 1 1 1 1 1 1 1 1 1 1 1 1 1 1 1 1 1 1 1 1 1 1 1 1 1 1 1 1 1 1 1 1 1 1 1 1 1 1 1 1 1 1 1 1 
4303:	2 1 1 1 1 1 1 1 1 1 1 1 1 1 1 1 1 1 1 1 1 1 1 1 1 1 1 1 1 1 1 1 1 1 1 1 1 1 1 1 1 1 1 1 1 1 1 1 1 1 1 1 1 1 1 1 1 1 1 1 1 1 1 1 1 1 1 1 1 1 1 1 1 1 1 1 1 1 1 1 1 1 1 1 1 1 1 1 1 1 1 1 1 1 1 1 1 1 1 1 1 1 1 1 1 1 1 1 1 1 1 1 1 1 1 1 1 1 1 1 1 1 1 1 1 1 1 1 1 1 1 1 1 1 1 1 1 1 1 1 1 1 1 1 1 1 1 1 1 1 1 1 1 1 1 1 1 1 1 1 1 1 1 1 1 1 1 1 1 1 1 1 1 1 1 1 1 1 1 1 1 1 1 1 1 1 1 1 1 1 1 1 1 1 1 1 1 1 1 1 1 1 1 1 1 1 1 1 1 1 1 1 1 1 1 1 1 1 1 1 1 1 1 1 1 1 1 1 1 1 1 1 
4304:	1 1 1 1 1 1 1 1 1 1 1 1 1 1 1 1 1 1 1 1 1 1 1 1 1 1 1 1 1 1 1 1 1 1 1 1 1 1 1 1 1 1 1 1 1 1 1 1 1 1 1 1 1 1 1 1 1 1 1 1 1 1 1 1 1 1 1 1 1 1 1 1 1 1 1 1 1 1 1 1 1 1 1 1 1 1 1 1 1 1 1 1 
4305:	3 
4306:	1 
4307:	1 
4308:	2 1 1 1 1 1 1 1 1 1 1 1 1 1 1 1 1 1 1 1 1 1 1 1 1 1 1 1 1 1 1 1 1 1 1 1 1 1 1 1 1 1 1 1 1 1 1 1 1 1 1 1 1 1 1 1 1 1 1 1 1 1 1 1 1 1 1 1 1 1 1 1 1 1 1 1 1 1 1 1 1 1 1 1 1 1 1 1 1 1 1 1 1 1 1 1 1 1 1 1 1 1 1 1 1 1 1 1 1 1 1 1 1 1 1 1 1 1 1 1 1 1 1 1 1 1 1 1 1 1 1 1 1 1 1 1 1 1 1 1 1 1 1 1 1 1 1 1 1 1 1 1 1 1 1 1 1 1 1 1 1 1 1 1 1 1 1 1 1 1 1 1 1 1 1 1 1 1 1 1 1 1 1 1 1 1 1 1 1 1 1 1 1 1 1 1 1 1 1 1 1 1 1 1 1 1 1 1 
4309:	1 1 1 1 1 1 1 1 1 1 1 1 1 1 1 1 1 1 1 1 1 1 1 1 1 1 1 1 1 1 1 1 1 1 1 1 1 1 1 1 1 1 1 1 1 1 1 1 1 1 1 1 1 1 1 1 1 1 1 1 1 1 1 1 1 1 1 1 1 1 1 1 1 1 1 1 1 1 1 1 1 1 1 1 1 1 1 1 1 1 1 1 1 
431:	1 
4310:	1 
4313:	1 
4318:	3 
4319:	1 
432:	2 
4320:	3 
4321:	1 
4322:	1 
4323:	2 
4324:	1 
4325:	2 
4327:	1 
4328:	1 
433:	1 
4330:	1 
4331:	1 
4332:	3 
4337:	8 
434:	1 
4342:	1 
4343:	1 
4346:	1 
4347:	1 
4348:	1 
4349:	1 
435:	1 
4351:	2 
4352:	2 
4353:	1 
4355:	1 
4357:	1 
4358:	1 
4359:	1 
436:	2 
4360:	2 
4361:	1 
4362:	1 
4363:	1 
4364:	1 
4365:	1 
4366:	1 
4367:	2 
4369:	2 1 1 1 1 1 1 1 1 1 1 1 1 1 1 1 1 1 1 1 1 1 1 1 1 1 1 1 1 1 1 1 1 1 1 1 1 1 1 1 1 1 1 1 1 1 1 1 1 1 1 1 1 1 1 1 1 1 1 1 1 1 1 1 1 1 1 1 1 1 1 1 1 1 1 1 1 1 1 1 1 1 1 1 1 1 1 1 
437:	1 
4370:	1 
4371:	2 
4372:	2 
4374:	1 
4375:	1 
4376:	1 
4377:	1 
4378:	1 
4379:	1 
438:	1 
4380:	1 
4381:	1 
4382:	2 
4383:	1 
4384:	1 
4385:	1 
439:	2 
4396:	1 
4397:	1 
4398:	1 
44:	1 
440:	1 7 
4400:	1 
4404:	1 
4405:	3 
4408:	1 
4409:	1 
441:	1 
4410:	1 
4411:	2 
4412:	1 
4414:	1 
4415:	1 
4416:	1 
442:	2 
443:	1 4 
4438:	2 
4439:	4 
444:	1 
4440:	1 
4441:	2 
4446:	1 
4448:	1 1 1 1 1 1 1 1 1 1 1 1 1 1 1 1 1 1 1 1 1 1 1 1 1 1 1 1 1 1 1 1 1 1 1 1 1 1 
4449:	1 1 1 1 1 1 1 1 1 1 1 1 1 1 1 1 1 1 1 1 1 1 1 1 1 1 1 1 1 1 1 1 1 1 1 1 1 1 1 1 1 1 1 1 1 1 1 1 1 1 1 1 1 1 1 1 1 1 1 1 1 1 1 1 1 1 1 1 1 1 1 1 1 1 
445:	3 
4450:	1 1 1 1 1 1 1 1 1 1 1 1 1 1 1 1 1 1 1 1 1 1 1 1 1 1 1 1 1 1 1 1 1 1 1 1 1 1 1 1 1 1 1 1 1 1 1 1 1 1 1 1 1 1 1 1 1 1 1 1 1 1 1 1 1 1 1 1 1 1 1 
4451:	1 1 1 1 1 1 1 1 1 1 1 1 1 1 1 1 1 1 1 1 1 1 1 1 1 1 1 1 1 1 1 1 1 1 1 1 1 1 1 1 1 1 1 1 1 1 1 1 1 1 1 1 1 1 1 1 1 1 1 1 1 1 1 1 1 1 1 1 1 1 1 1 1 1 
4452:	1 1 1 1 1 1 1 1 1 1 1 1 1 1 1 1 1 1 1 1 1 1 1 1 1 1 1 1 1 1 1 1 1 1 1 1 1 1 1 1 1 1 1 1 1 1 1 1 1 1 1 1 1 1 1 1 1 1 1 1 1 1 1 1 1 1 1 1 1 1 1 1 1 1 1 1 1 1 1 1 1 1 1 1 1 1 1 1 1 1 1 1 1 1 1 1 1 1 1 1 
4453:	1 
4454:	1 
4455:	1 
4457:	1 
4458:	1 
446:	1 
4462:	1 
4466:	1 
4467:	1 
447:	1 
4471:	1 1 
4472:	1 
4473:	1 
448:	1 
449:	1 
4499:	2 
45:	3 1 
450:	1 
4507:	1 
451:	1 
452:	1 
4522:	2 
4524:	2 
4525:	1 
4527:	1 
453:	1 
4530:	1 
4534:	3 1 
4535:	1 
4536:	1 
4537:	1 
4539:	1 
454:	1 
4540:	2 
4541:	2 1 1 1 1 1 1 1 1 1 1 1 1 1 1 1 1 1 1 1 1 1 1 1 1 1 1 1 1 1 1 1 1 1 1 1 1 1 1 1 1 1 1 1 1 1 1 1 1 1 1 1 1 1 1 1 1 1 1 1 1 1 1 1 1 1 1 1 1 1 1 1 1 1 1 1 1 1 1 1 1 1 1 1 1 1 1 1 1 1 1 1 1 1 1 1 1 1 1 1 1 1 1 1 1 1 1 1 1 1 1 1 1 1 1 1 1 1 1 1 1 1 1 1 1 1 1 1 1 1 1 1 1 1 1 1 1 1 1 1 1 1 1 1 1 1 1 1 1 1 1 1 1 1 1 1 1 1 1 1 1 1 1 1 1 1 1 1 1 1 1 1 1 1 1 1 1 1 1 1 1 1 1 1 1 1 1 1 1 1 1 1 1 1 1 1 1 1 1 1 1 1 1 
4543:	2 
4545:	1 
4546:	1 
4547:	1 
4548:	1 
455:	1 
4550:	2 
4554:	1 
4556:	1 
4557:	1 
4558:	1 
4559:	1 
456:	2 
4560:	4 
4568:	1 
457:	1 
4570:	1 
4571:	1 
4572:	1 
458:	1 
4581:	1 
4582:	1 
46:	1 
460:	1 
4601:	1 
4604:	2 
461:	1 2 
4617:	1 
4620:	1 
4621:	2 
4622:	2 
4623:	1 
4624:	3 
4625:	2 
4626:	2 
4627:	1 
4628:	2 
4629:	1 
4630:	1 
4631:	1 
4632:	1 
4633:	1 
4634:	1 
4635:	1 
4636:	1 
4637:	1 
4638:	1 
4639:	1 
4640:	1 
4641:	1 
4643:	1 
4644:	1 
4645:	1 
4666:	1 1 
4667:	1 1 
4677:	1 
4680:	1 
4689:	1 1 
4690:	2 
4691:	3 
4692:	1 
4693:	2 
4694:	1 
4695:	1 1 
4698:	1 1 
4699:	1 
47:	1 1 
4700:	2 
4701:	1 
4702:	1 1 
4703:	2 
4704:	2 
4705:	2 
4706:	2 
4707:	4 
4708:	2 
4710:	2 
4711:	1 
4712:	1 
4713:	2 
4714:	1 
4715:	1 
4716:	1 4 
4717:	1 1 
4718:	2 
4719:	2 
4720:	2 1 
4721:	2 
4722:	1 
4723:	1 
4725:	1 1 
4726:	1 1 
4727:	1 
4728:	1 1 
4729:	1 
4730:	1 
4731:	2 
4732:	2 
4733:	8 
4734:	3 
4735:	2 
4736:	2 
4737:	2 
4738:	5 
4739:	10 
4740:	2 
4741:	4 1 
4744:	1 
4745:	1 
4746:	1 
4767:	1 1 
4770:	1 
4771:	1 
4783:	3 
4784:	3 
4785:	3 
4786:	3 
4787:	3 
4788:	1 
4789:	1 
4790:	1 
4791:	3 
4792:	2 
4793:	4 
4794:	2 
4796:	1 
4797:	1 
48:	3 
4800:	1 
4801:	1 
4803:	3 
4804:	1 
4805:	3 
4806:	1 
4807:	1 
4808:	1 
4809:	1 
4812:	6 4 1 
4814:	1 
4816:	1 
4817:	1 
4818:	1 
4822:	1 
4823:	1 
4824:	1 
4825:	1 
4826:	2 
4827:	1 
4828:	1 
4829:	1 
4830:	1 
4831:	1 
4832:	1 
4833:	1 
4835:	1 
4836:	1 2 
4838:	1 
4839:	1 
4843:	1 
4851:	2 2 
4852:	2 
4853:	1 
4854:	2 
4855:	1 
4856:	1 
4857:	1 
4858:	2 
4859:	2 
4860:	2 
4861:	3 
4862:	2 
4864:	1 
4865:	1 
4867:	2 
4871:	1 
4876:	1 
4878:	1 
4879:	1 
4883:	1 
4884:	1 
489:	2 
4897:	1 
4898:	1 
4899:	1 
49:	2 
490:	1 
4901:	1 
4902:	1 
4904:	1 
4906:	1 
491:	1 
4910:	1 
4911:	2 
4912:	3 
4913:	2 1 
4914:	1 
4915:	1 
4916:	4 1 
4918:	2 
4919:	1 
492:	2 
4920:	1 
4921:	1 
4923:	1 
4924:	1 
4925:	1 
4926:	1 
4927:	1 
493:	2 
4930:	1 1 1 
4931:	1 
4932:	1 
4933:	1 2 1 1 1 1 1 1 1 1 1 1 1 1 1 1 1 1 1 1 1 1 1 1 1 1 1 1 1 1 1 1 1 1 1 1 1 1 1 1 1 1 1 1 1 1 1 1 1 1 1 1 1 1 1 1 1 1 1 1 1 1 1 1 
4935:	1 
4936:	1 
4937:	1 
4938:	2 
4939:	1 
494:	1 
4940:	1 
4941:	1 
4942:	3 
4943:	3 
4944:	1 1 
4945:	2 
4949:	1 
495:	2 
4951:	1 2 
4952:	1 
4953:	1 
4954:	1 
4955:	2 
4956:	1 
4957:	1 
4958:	1 
4959:	1 
496:	1 
4960:	1 
4961:	1 
4962:	1 
4963:	1 
4964:	1 
4965:	1 
4966:	1 
4967:	2 
4968:	1 
4969:	1 
497:	2 
4970:	1 
4971:	1 
4972:	1 
4973:	2 
4974:	1 
4975:	2 1 1 1 1 1 1 1 1 1 1 1 1 1 1 1 1 1 1 1 1 1 1 1 1 1 1 1 1 1 1 1 1 1 1 1 1 1 1 1 1 1 1 1 1 1 1 1 1 1 1 1 1 1 1 1 1 1 1 1 1 1 1 1 1 1 1 1 1 1 1 1 1 1 1 1 1 1 1 1 1 1 1 1 1 1 1 1 1 1 1 1 1 1 1 1 1 1 1 1 1 1 1 1 1 1 1 1 1 1 1 1 1 1 1 1 1 1 1 1 1 1 1 1 1 1 1 1 1 1 1 1 1 1 1 1 1 1 1 1 1 1 1 1 1 1 1 1 1 1 1 1 1 1 1 1 
4976:	2 
4977:	3 
4978:	1 
4979:	1 
498:	2 
4980:	1 
4981:	2 
4984:	2 
4985:	1 
4986:	2 
4987:	2 2 
4988:	1 
4989:	1 
499:	2 
4990:	3 
4991:	2 
4992:	1 
4993:	2 
4994:	1 
4996:	4 
4997:	1 
4998:	3 
5:	1 
50:	2 
5000:	1 
5002:	1 
5003:	2 
5004:	3 
5005:	1 
5006:	2 
5008:	1 
5009:	1 
501:	1 
5011:	1 
5012:	1 
502:	1 
5037:	1 
5038:	1 
504:	1 
5040:	2 
5041:	4 
5042:	1 
5043:	1 
5044:	1 1 
5045:	1 
5048:	1 
5049:	2 
505:	1 
5050:	1 
5051:	4 
5052:	3 
5053:	2 
5054:	1 
5055:	1 
5056:	1 
5057:	1 
5058:	2 1 1 1 1 1 1 1 1 1 1 1 1 1 1 1 1 1 1 1 1 1 1 1 1 1 1 1 1 1 1 1 1 1 1 1 1 1 1 1 1 1 1 1 1 1 1 1 1 1 1 1 1 1 1 1 1 1 1 1 1 1 1 1 1 1 1 1 1 1 1 1 1 1 1 1 1 1 1 1 1 1 1 1 1 1 1 1 1 1 1 1 1 1 1 1 1 1 1 1 1 1 1 1 1 1 1 1 1 1 1 1 1 1 1 1 1 1 1 1 1 1 1 1 1 1 1 1 1 1 1 1 1 1 1 1 1 1 1 1 1 1 1 1 1 1 1 1 1 1 1 1 1 1 1 1 1 1 1 1 1 1 1 1 1 1 1 1 1 1 1 1 1 1 1 1 1 1 1 1 1 1 1 1 1 
5059:	1 
5060:	1 
5061:	4 2 
5062:	3 
5063:	4 
5064:	1 
5065:	2 
5066:	1 
5067:	3 
5068:	3 
5069:	5 
5070:	3 
5071:	2 
5072:	2 
5073:	2 
5074:	3 
5075:	1 
5076:	1 
5077:	2 
5078:	6 
5079:	1 
5080:	1 
5081:	1 
5082:	4 
5083:	1 
5084:	1 
5085:	1 
5088:	1 
5089:	1 
5091:	1 
5092:	2 
5093:	2 1 1 
5094:	1 
5095:	1 2 
5096:	1 
5097:	1 
5098:	1 
5099:	3 
51:	1 1 
5100:	1 
5110:	1 
5114:	2 
5115:	2 
5118:	2 
5119:	1 
5120:	1 
5121:	3 
5122:	2 
5123:	1 
5124:	5 
5125:	2 
5126:	7 
5127:	1 
5128:	1 
5129:	3 
5130:	2 
5131:	2 
5132:	3 
5133:	3 
5134:	2 
5135:	2 
5136:	3 1 
5137:	2 
5138:	3 
5139:	3 
5140:	4 
5142:	3 
5143:	1 
5145:	1 
5146:	1 
5147:	4 
5148:	1 
5149:	3 
5150:	1 
5151:	1 
5153:	1 
5154:	2 
5155:	1 
5157:	1 
5163:	1 
5165:	2 
5167:	1 
5169:	3 
517:	1 2 
5173:	2 
5178:	3 1 1 1 1 1 1 1 1 1 1 1 1 1 1 1 1 1 1 1 1 1 1 1 1 1 1 1 1 1 1 1 1 1 1 1 1 1 1 1 1 1 1 1 1 1 1 1 1 1 1 1 1 1 1 1 1 1 1 1 1 1 1 1 
5180:	1 
5181:	1 1 1 
5182:	1 
5183:	1 
5184:	1 
5185:	4 
5186:	3 
5187:	1 
5188:	1 
5189:	1 
5190:	1 
5191:	1 
5192:	2 
5193:	1 
5194:	1 
5195:	1 
5196:	2 
5197:	3 
5198:	1 2 
5199:	2 
52:	1 
5200:	1 
5202:	1 
5203:	1 
5204:	1 
5205:	1 
5206:	2 
5207:	4 
5208:	1 
5209:	1 
5210:	1 
5211:	1 
5212:	1 
5213:	1 
5214:	1 
5215:	1 
5216:	1 1 
5217:	3 
5218:	1 
5219:	1 
5220:	3 1 1 1 1 1 1 1 1 1 1 1 1 1 1 1 1 1 1 1 1 1 1 1 1 1 1 1 1 1 1 1 1 1 1 1 1 1 1 1 1 1 1 1 1 1 1 1 1 1 1 1 1 1 1 1 1 1 1 1 1 1 1 1 1 1 1 1 1 1 1 1 1 1 1 1 1 1 1 1 1 1 1 1 1 1 1 1 1 1 1 1 1 1 1 1 1 1 1 1 1 1 1 1 1 1 1 1 1 1 1 1 1 1 1 1 1 1 1 1 1 1 1 1 1 1 1 1 1 1 1 1 1 1 1 1 1 1 1 1 1 1 1 1 1 1 1 1 1 1 1 1 1 1 1 1 1 1 1 1 1 1 1 1 1 1 1 1 1 1 1 1 1 1 1 1 1 1 1 1 1 1 1 1 1 1 1 1 1 1 1 1 1 1 1 1 1 1 
5221:	2 2 1 
5222:	4 
5223:	1 
5224:	1 
5225:	1 
5227:	1 
5228:	2 
5229:	3 
5230:	1 
5232:	1 
5233:	1 
5235:	1 1 
5236:	1 1 
5237:	1 
5238:	1 1 
5239:	1 
5240:	1 
5241:	1 1 
5242:	1 1 
5244:	1 1 
5245:	1 
5247:	1 
5248:	1 
5249:	1 
525:	3 
5250:	1 
5251:	1 
5253:	1 
5256:	3 
526:	2 1 1 1 1 1 1 1 1 1 1 1 1 1 1 1 1 1 1 1 1 1 1 1 1 1 1 1 1 1 1 1 1 1 1 1 1 1 1 1 1 1 1 1 1 1 1 1 1 1 1 1 1 1 1 1 1 3 
5260:	1 
527:	2 
5276:	1 
5278:	3 
5279:	10 
5280:	6 
5293:	1 
5294:	1 
5295:	1 
5296:	3 
5297:	1 
5298:	1 
5299:	2 1 
53:	1 
5300:	1 
5301:	1 2 
5302:	2 
5303:	1 
5304:	1 
5305:	2 
5306:	1 
5307:	1 
5308:	1 
5309:	1 
5310:	1 
5311:	1 
5312:	1 
5313:	1 
5314:	1 
5315:	1 
5316:	1 
5317:	1 
5318:	1 
5319:	1 
5320:	1 
5321:	1 
5322:	2 
5323:	1 1 
5324:	2 
5325:	1 1 
5327:	1 
5328:	1 
5329:	1 
533:	3 
5330:	1 
5334:	2 
5335:	1 
5336:	1 
5338:	1 
5341:	1 
5342:	1 
5343:	1 
5344:	1 
5347:	1 
5348:	1 
5350:	1 
5351:	1 
5352:	2 
5353:	1 
5374:	1 1 1 1 1 1 1 1 1 1 1 1 1 1 1 1 1 1 1 1 1 1 1 1 1 1 1 1 1 1 1 1 1 1 2 1 1 1 1 1 1 1 1 1 1 1 1 1 1 1 1 1 1 1 1 1 1 1 1 1 1 1 1 1 1 1 1 1 1 1 1 1 1 1 1 
5376:	1 
5378:	1 
5379:	1 2 1 
5380:	1 
5385:	1 
5386:	1 
5389:	2 1 1 1 1 1 1 1 1 1 1 1 1 1 1 1 1 1 1 1 1 1 1 1 1 1 1 1 1 1 1 1 1 1 1 1 1 1 1 1 1 1 1 1 1 1 1 1 1 1 1 1 1 1 1 1 1 1 1 1 1 1 1 1 1 1 1 1 1 1 1 1 1 1 1 1 1 1 1 1 1 1 
5391:	1 
5392:	1 
5394:	2 
5396:	1 
5397:	2 
5398:	1 
54:	1 
5401:	1 
5403:	1 
5405:	2 
5406:	1 
5407:	2 
5408:	1 
5409:	1 
5410:	2 
5411:	2 
5412:	2 
5413:	2 
5414:	1 2 1 1 1 1 1 1 1 1 1 1 1 1 1 1 1 1 1 1 1 1 1 1 1 1 1 1 1 1 1 1 1 1 1 1 1 1 1 1 1 1 1 1 1 1 1 1 
5417:	20 112 81 1 1 1 1 1 1 1 1 1 1 1 1 1 1 1 1 1 1 1 1 1 1 1 1 1 1 1 1 1 1 1 1 1 1 1 1 1 1 1 1 1 1 1 1 1 1 1 1 1 1 1 1 1 1 1 1 1 1 1 1 1 1 1 1 1 1 1 1 1 1 1 1 1 1 1 1 1 1 1 1 1 1 1 1 1 1 1 1 1 1 1 1 1 1 1 1 1 1 1 1 1 1 1 1 1 2 1 1 1 1 1 1 1 1 1 1 1 1 1 1 1 1 1 1 1 1 1 1 1 1 1 1 1 1 1 1 1 1 1 1 1 1 1 1 1 1 1 1 1 1 1 1 1 1 1 1 1 1 1 1 1 1 2 
5418:	1 
5419:	1 
5421:	1 
5422:	2 
5424:	2 
5425:	5 
5426:	2 
5429:	1 
5430:	2 
5431:	2 3 
5432:	2 
5433:	2 
5434:	3 
5435:	4 
5436:	2 
5437:	2 
5438:	2 
5439:	2 
5440:	6 
5441:	5 
5442:	2 
5443:	3 
5444:	2 
5445:	2 
5446:	2 
5447:	3 
5448:	3 
5449:	3 
5450:	2 
5451:	1 3 
5452:	1 1 
5453:	3 
5454:	5 
5455:	2 
5456:	1 
5457:	1 
5458:	4 
5459:	4 
5460:	4 1 
5461:	1 
5462:	4 
5463:	3 
5464:	3 
5465:	5 
5466:	2 
5467:	1 
5468:	3 
5469:	4 
5470:	1 
5472:	1 
5475:	1 
5476:	1 
5478:	1 
548:	1 
5481:	3 1 
5482:	1 3 
5483:	2 
5484:	2 
5485:	3 
5486:	3 
5487:	1 2 
5488:	3 
5489:	4 
549:	2 
5490:	3 
5491:	2 
5492:	2 
5493:	5 
5494:	1 1 
5495:	4 
5496:	1 3 
5497:	2 
5498:	1 1 
5499:	1 
55:	1 
550:	2 1 1 1 1 1 1 1 1 1 1 1 1 1 1 1 1 1 1 1 1 1 1 1 1 1 1 1 1 1 1 1 1 1 1 1 1 1 1 1 1 1 1 1 1 1 1 1 1 1 1 1 1 1 1 1 1 1 1 1 1 1 1 1 1 1 1 1 1 1 1 1 1 1 1 1 1 1 1 1 1 1 1 1 1 1 1 1 1 1 1 1 1 1 1 1 1 1 1 1 1 1 1 1 1 1 1 1 1 1 1 1 1 1 1 1 1 1 1 1 1 1 1 1 1 1 1 1 1 1 1 1 1 1 1 1 1 1 1 1 1 1 1 1 1 1 1 1 1 1 1 1 1 1 1 1 1 1 1 1 1 1 
5500:	6 
5514:	1 
552:	1 
5523:	1 
5527:	2 
5528:	2 
5529:	2 2 
553:	2 
5530:	1 
5531:	2 
5532:	1 
5533:	2 
5534:	2 
5535:	2 
5536:	2 
5537:	1 
5538:	2 
554:	1 
555:	1 
5559:	1 
556:	1 
5561:	1 
5562:	1 
5566:	1 
557:	1 
5573:	2 
5576:	1 
5577:	1 
5578:	1 
5579:	2 
558:	1 
5580:	1 
5581:	1 
5582:	2 
5583:	3 
5584:	3 2 
5585:	1 
5586:	2 1 
5587:	3 
5588:	3 
5589:	5 1 
559:	5 
5590:	1 3 
5591:	2 1 
5592:	3 
5593:	2 1 
5594:	2 
5595:	4 
5596:	3 
5597:	3 
5598:	3 
5599:	1 
56:	1 
560:	1 
5600:	2 
5601:	2 
5606:	1 
5607:	1 
5613:	2 
5614:	2 
5615:	3 
5617:	1 
5618:	2 
5619:	2 
562:	3 
5620:	2 
5621:	1 
5622:	1 
5623:	1 
5624:	2 
5625:	1 2 
5626:	3 
5627:	6 
5628:	3 
5629:	3 
563:	1 
5630:	1 1 
5631:	1 
5632:	3 
5633:	1 3 
5634:	1 2 
5635:	2 
5636:	1 2 
5637:	1 1 
5638:	3 
5639:	2 
564:	1 
5640:	3 
5641:	3 1 
5642:	3 
5643:	3 
5644:	1 
565:	1 
5650:	1 
5655:	1 
5657:	2 
5658:	1 
5659:	1 
566:	3 
5660:	1 
5661:	1 
5662:	2 
5663:	1 
5664:	1 1 
5665:	1 
5666:	1 
567:	1 
5671:	1 
568:	2 
5685:	1 
569:	1 
5693:	1 
5694:	1 
5695:	1 
5696:	2 
5697:	2 1 1 
5698:	9 
5699:	2 
57:	1 
570:	1 
5700:	1 1 
5701:	1 
5702:	1 
5703:	1 
5704:	2 
5705:	1 
5706:	1 
5707:	2 
5708:	1 
5709:	1 
571:	2 
5710:	2 
5711:	1 
5712:	1 
5713:	1 
5718:	1 
572:	1 
5722:	1 
573:	2 1 2 
5730:	2 
574:	1 
5745:	1 
5749:	1 
575:	2 2 1 
5751:	1 
5752:	1 
5753:	1 
5754:	1 
5755:	1 
5756:	1 
5757:	1 
5758:	1 1 
5759:	4 2 1 
576:	1 
5760:	1 
5761:	2 
5762:	1 
5767:	1 
577:	1 
5775:	1 
5776:	1 
5779:	1 
579:	1 
5791:	2 
58:	1 
580:	1 
5815:	1 
5818:	1 8 
5819:	2 
5820:	1 
5822:	1 
5825:	2 
5827:	1 
5828:	2 
5829:	1 
5830:	1 
5842:	1 
5843:	1 
5844:	1 
5845:	2 
5846:	1 
5847:	1 
5848:	1 
5851:	2 
5856:	1 
5869:	2 
587:	1 3 
5870:	1 
5871:	1 
5872:	1 
5873:	2 
5874:	1 
5875:	14 
5876:	5 4 
5877:	1 5 6 
5878:	1 
5879:	2 
5880:	1 
5881:	3 
5882:	10 
5883:	1 
5884:	2 
5885:	2 
5886:	9 
5887:	2 
5888:	2 
5890:	1 
5892:	1 
5893:	1 
5897:	1 
5898:	3 
59:	2 
5913:	1 
5914:	2 
5915:	2 
5916:	2 
5917:	2 
5919:	1 
5921:	2 
5922:	2 
5923:	2 1 
5925:	3 1 1 1 1 1 1 1 1 1 1 1 1 1 1 1 1 1 1 1 1 1 1 1 1 1 1 1 1 1 1 1 1 1 1 1 1 1 1 1 1 1 1 1 1 1 1 1 1 1 1 1 1 1 1 1 1 1 1 1 1 1 1 1 1 1 1 1 1 1 1 1 1 1 1 1 1 1 1 1 1 1 1 1 1 1 1 1 1 1 1 1 1 1 1 1 1 1 1 1 1 1 1 1 1 1 1 1 1 1 1 1 1 1 1 1 1 1 1 1 1 1 1 1 1 1 1 1 1 1 1 1 1 1 1 1 1 1 1 1 1 1 1 1 1 1 1 1 1 1 1 1 1 1 1 1 1 1 1 1 1 1 1 1 1 1 1 1 1 1 1 1 1 1 1 1 1 1 1 1 1 1 2 
5926:	3 
5927:	1 
5928:	2 
5929:	1 
5930:	1 
5931:	1 
5932:	1 
5933:	1 
5934:	3 
5935:	3 1 
5936:	1 
5937:	1 
5938:	1 
5939:	1 
5940:	4 
5941:	1 
5942:	1 
5943:	1 
5945:	1 
5946:	1 
5947:	2 
5948:	1 
5949:	1 
5950:	1 
5951:	1 
5952:	1 
5953:	1 
5961:	1 
5968:	1 
5970:	1 
5973:	1 
5974:	2 
5975:	1 
5976:	4 
5982:	1 
5983:	1 
5985:	4 
5987:	1 
5990:	1 
5991:	1 
60:	1 
6005:	5 
6006:	1 
6007:	1 3 
6010:	1 
6011:	1 
6012:	1 1 
6017:	1 1 1 1 1 1 1 1 1 1 1 1 1 1 1 1 1 1 1 1 1 1 1 1 1 1 1 1 1 1 1 1 1 1 1 1 1 1 1 1 1 1 1 1 1 1 1 1 1 1 1 1 1 1 1 1 1 1 1 1 1 1 1 1 1 1 1 1 1 1 1 1 1 1 1 1 1 1 1 1 1 1 1 1 1 1 1 
602:	1 
6037:	1 
6038:	1 1 
6039:	2 1 
604:	2 
6040:	4 
6051:	1 
6053:	2 
6056:	2 
6057:	1 
6059:	1 
6070:	1 
6072:	3 
6073:	2 
6074:	1 11 
6075:	3 
6076:	1 
6077:	3 
6078:	4 
6079:	2 
6080:	1 
6081:	1 3 
6082:	3 
6083:	7 
6084:	1 
6085:	3 
6086:	3 
6087:	3 
6088:	1 
6089:	3 
6090:	3 
6091:	1 
6092:	3 
6093:	2 
6095:	1 
61:	2 
6104:	2 
6105:	1 
6106:	1 
6107:	2 
6137:	2 1 
6140:	1 
6164:	1 
6165:	2 1 1 
6166:	5 
6167:	1 
6170:	1 
6171:	2 
6172:	3 
6174:	2 
6175:	1 
6176:	8 
6177:	1 
6178:	4 
6180:	3 
6181:	4 
6182:	1 
6187:	2 
6189:	4 
6190:	1 
6197:	1 
6198:	1 
62:	1 
6201:	1 
6204:	2 
6205:	1 
6206:	1 
6208:	1 
6213:	1 
6215:	1 
6216:	1 
6217:	1 
6218:	1 
6227:	1 
6229:	2 
6230:	3 
6232:	3 
6234:	1 
6235:	2 
6236:	1 
6239:	2 
6242:	1 5 
6243:	1 
6247:	1 
6248:	1 
6252:	1 
6256:	1 3 
6258:	1 
6259:	1 
6269:	1 
6270:	1 1 
6274:	1 
6275:	1 
6276:	1 
6277:	3 
6278:	2 
6279:	1 
6280:	1 
6281:	3 1 1 
6284:	2 
6291:	2 
6292:	1 
63:	2 
6319:	1 
6326:	1 
6327:	1 
6329:	2 
6345:	1 
6346:	1 
6347:	2 
6348:	2 
6351:	3 
6352:	1 
6360:	1 
6362:	1 
6364:	1 
6368:	1 
6370:	1 
6373:	1 
6374:	2 
6376:	1 
6377:	3 
6378:	1 
6379:	1 
6380:	1 
6381:	1 
6382:	3 
6383:	4 
6385:	2 
64:	1 
6411:	2 
6419:	1 
6423:	1 
6426:	4 
6428:	1 
6429:	1 
6430:	1 
6431:	1 
6432:	1 
6433:	1 
6434:	1 
6437:	1 
6441:	1 
6442:	1 
6446:	1 
6457:	1 1 1 1 1 1 1 1 1 1 1 1 1 1 1 1 1 1 1 1 1 1 1 1 1 1 1 1 1 1 1 1 1 1 1 1 1 1 1 1 1 1 1 1 1 1 1 1 1 1 1 1 
6460:	1 1 1 1 1 1 1 1 1 1 1 1 1 1 1 1 1 1 1 1 1 1 1 1 1 1 1 1 1 1 1 1 1 1 1 1 1 1 1 1 1 1 1 1 1 1 1 1 1 1 1 1 1 1 1 1 1 1 1 1 1 1 1 1 1 1 1 1 1 1 1 1 1 1 1 1 1 1 1 1 1 1 1 1 1 1 1 1 1 
6466:	1 
6468:	1 
6469:	2 
6470:	1 
6471:	2 
6473:	2 
6474:	1 
6475:	2 
6476:	2 
6477:	2 
6489:	1 
6490:	2 
6494:	1 
6495:	1 
6497:	1 
6498:	3 
6499:	3 
65:	1 
6500:	2 
6501:	2 
6502:	2 
6516:	3 
6528:	1 
6530:	2 
6533:	2 
6536:	1 
6538:	1 
6539:	2 
6544:	1 
6550:	2 
6551:	1 
6552:	1 1 
6553:	1 
6556:	1 
6557:	1 
6558:	6 
6562:	2 
6563:	2 
6564:	1 
6565:	1 
6568:	2 
6569:	1 
6570:	2 
6571:	4 
6572:	1 1 2 
6573:	1 
6574:	1 
6575:	2 
6576:	1 
6577:	1 1 
6578:	2 
6579:	2 1 
6580:	1 1 
6581:	2 
6582:	2 
6583:	1 1 
6584:	3 
6585:	2 
6586:	1 
6587:	3 
6588:	1 
6589:	1 2 1 1 1 1 1 1 1 1 1 1 1 1 1 1 1 1 1 1 1 1 1 1 1 1 1 1 1 1 1 1 1 1 1 1 1 1 1 1 1 1 1 1 1 1 1 1 1 1 1 1 1 1 1 1 1 1 1 1 1 1 1 1 1 1 1 1 1 1 1 1 
6591:	1 1 
6592:	1 
6593:	2 
6594:	1 
6596:	1 
6597:	1 
6598:	1 
6599:	1 
66:	1 
6600:	1 
6601:	1 
6602:	1 
6603:	1 
6604:	1 
6605:	1 
6606:	1 
6607:	2 
6608:	1 
6609:	3 1 
6610:	2 
6614:	1 
6615:	2 
6619:	1 
6622:	1 
6623:	1 
6624:	4 
6626:	1 
6629:	1 1 
6632:	1 
6648:	1 
665:	1 
6656:	1 
6657:	1 
666:	1 
6662:	1 
6663:	1 
6665:	1 
6666:	2 
6667:	1 2 
6668:	2 
6669:	1 
667:	1 
6672:	3 
6675:	1 
6677:	2 
668:	3 
6682:	1 
6684:	1 
6686:	1 
6688:	1 
669:	4 
6690:	5 
67:	2 
671:	1 
6712:	1 
6714:	1 
6715:	3 
6716:	1 1 
6717:	2 
6718:	1 
6719:	1 
672:	1 
6720:	1 
6721:	1 
6722:	3 
6726:	1 
6729:	1 
673:	1 
6731:	1 
6734:	1 
6738:	2 
6739:	1 
674:	1 
6740:	1 10 
6741:	2 
6747:	1 1 1 1 1 1 1 1 1 1 1 1 1 1 1 1 1 1 1 1 1 1 1 1 1 1 1 1 1 1 1 1 1 1 1 1 1 1 1 1 1 1 1 1 1 1 1 1 1 1 1 1 1 1 1 1 1 1 1 1 1 1 1 1 1 1 1 1 1 1 1 1 1 1 1 1 1 1 1 1 1 1 1 1 1 1 1 1 1 1 1 1 1 1 1 1 1 1 1 1 1 1 1 1 
675:	1 
6757:	2 
6758:	1 
676:	2 
6761:	3 
6762:	1 
6763:	1 
6764:	2 
6767:	1 
677:	1 
6770:	1 
6771:	4 1 
6772:	2 
6773:	1 
6774:	1 
678:	1 2 
6784:	1 
6788:	1 
6793:	2 
6795:	3 
6798:	1 
6799:	1 1 
68:	1 
680:	2 
6803:	3 
681:	1 
6810:	1 
6811:	2 
6812:	3 
682:	2 1 
6823:	1 
6825:	3 
6826:	1 
6827:	2 
6829:	1 
683:	1 
6830:	4 
6831:	1 
6834:	2 
6836:	1 1 
6837:	1 2 
6838:	1 
6839:	1 
684:	1 
6841:	1 
6844:	2 1 1 1 1 1 1 1 1 1 1 1 1 1 1 1 1 1 1 1 1 1 1 1 1 1 1 1 1 1 1 1 1 1 1 1 1 1 1 1 1 1 1 1 1 1 1 1 1 1 1 1 1 1 1 1 1 1 1 1 1 1 1 1 1 1 1 1 1 1 1 1 1 1 1 1 1 1 1 1 1 1 1 1 1 1 1 1 1 1 1 1 1 1 1 1 1 1 1 1 1 1 1 1 1 1 1 1 1 1 1 1 1 1 1 1 1 1 1 1 1 1 1 1 1 1 1 1 1 1 1 1 1 1 1 1 1 1 1 1 1 1 1 1 1 1 1 1 
6846:	1 
6849:	1 
685:	2 
6851:	1 
6852:	1 
6856:	1 1 2 1 
6857:	1 
6858:	1 
6859:	1 
6861:	1 
6862:	1 
6863:	3 
6864:	1 
6883:	1 
6885:	1 
6889:	1 
689:	1 
6890:	1 
6899:	1 1 
69:	2 1 
690:	1 
6902:	1 
691:	1 
6910:	1 
6915:	1 
6920:	1 
6922:	1 
6926:	3 
6927:	2 
6928:	2 
6929:	1 
6930:	4 
6931:	2 
6932:	1 
6933:	4 
6934:	2 
6935:	4 1 
6944:	1 
696:	3 
6966:	1 
697:	1 
6979:	2 
698:	3 
699:	1 
70:	3 
700:	1 
7003:	4 
701:	1 
702:	3 
703:	2 
704:	2 
7046:	2 3 
705:	1 
706:	1 
707:	1 
7078:	1 
708:	1 
709:	1 
71:	1 1 1 1 1 1 1 1 1 1 1 1 1 1 1 1 1 1 1 1 1 1 1 2 1 1 1 1 1 1 1 1 1 1 1 1 1 1 1 1 1 1 1 1 1 1 1 1 1 1 1 1 1 1 1 1 1 1 1 1 1 1 1 1 1 1 1 1 1 1 1 1 1 1 1 1 1 1 1 1 1 1 1 1 1 1 1 1 1 1 1 1 1 1 1 1 1 1 1 1 1 1 1 1 1 1 
710:	1 
711:	2 
7111:	5 
712:	1 
713:	1 
714:	2 
715:	3 
7157:	1 1 1 
7158:	1 
716:	2 
7165:	1 
7167:	1 
717:	1 
72:	1 1 1 1 1 1 1 1 1 1 1 1 1 1 1 1 1 1 1 1 1 1 1 1 1 1 1 1 1 1 1 1 1 1 1 1 1 1 1 1 1 1 1 1 1 1 1 1 1 1 1 1 1 1 1 1 1 1 1 1 1 1 1 1 1 1 1 1 1 1 1 1 1 1 1 1 1 1 1 1 1 2 
7221:	1 
7227:	1 
7236:	2 
7246:	1 
725:	2 
728:	1 
73:	1 1 1 1 1 1 1 1 1 1 1 1 1 1 1 1 1 1 1 1 1 1 1 1 1 1 1 1 1 1 1 1 1 1 1 1 1 1 1 1 1 1 1 1 1 1 1 1 1 1 1 1 1 1 1 1 1 1 1 1 1 1 1 1 1 1 1 1 1 1 1 1 1 1 1 1 
7300:	1 
7306:	1 
7307:	1 
731:	1 
7319:	1 
732:	1 1 
7321:	3 
7322:	1 1 
7330:	1 
7340:	1 
7341:	2 
7342:	4 
7343:	2 
7344:	1 
7345:	1 
7347:	1 
7348:	1 
7349:	2 
7351:	1 
7352:	1 
7354:	2 
7355:	2 
7356:	1 
7357:	5 
7359:	1 
7360:	1 
7361:	2 
7362:	1 
7373:	1 
7377:	1 
7378:	1 
7379:	3 1 1 1 1 1 1 1 1 1 1 1 1 1 1 1 1 1 1 1 1 1 1 1 1 1 1 1 1 1 1 1 1 1 1 1 1 1 1 1 1 1 1 1 1 1 1 1 1 1 1 1 1 1 1 1 1 1 1 1 1 1 1 1 1 1 1 1 1 1 1 1 1 1 1 1 1 1 1 1 1 1 1 1 1 1 1 1 1 1 1 1 1 1 
738:	3 
7380:	2 
7381:	1 
7382:	1 
7383:	1 
7384:	1 
7385:	1 
7386:	2 
7387:	1 
7388:	2 
7389:	1 
7390:	1 
7391:	1 
7392:	1 
7393:	1 
7394:	1 
7395:	1 
7396:	2 4 
7397:	4 
7398:	1 1 
7399:	1 
74:	1 1 1 1 1 1 1 1 1 1 1 1 1 1 1 1 1 1 1 1 1 1 1 1 1 1 1 1 1 1 1 1 1 1 1 1 1 1 1 1 1 1 1 1 1 1 1 1 1 1 1 1 1 1 1 1 1 1 1 1 1 1 1 1 1 1 1 1 1 1 1 1 1 1 1 1 1 1 1 1 1 1 1 1 1 1 1 1 1 1 1 1 1 1 1 1 1 1 1 1 1 1 1 1 1 1 1 1 1 1 1 1 1 1 1 1 1 1 1 1 1 1 1 1 1 1 
7400:	3 
7401:	3 
7402:	1 
7403:	1 
7404:	1 1 
7405:	1 
7406:	2 
7407:	2 
7408:	4 
7409:	1 1 
7410:	3 
7411:	3 
7412:	1 
7413:	1 
7414:	2 
7415:	2 
7416:	2 
7417:	1 
7418:	1 
7419:	1 
7420:	5 
7428:	1 1 
7429:	2 
7430:	2 
7431:	1 
7432:	1 
7433:	1 
7434:	1 
7435:	1 
7436:	2 3 
7437:	1 2 
7438:	1 
7439:	2 
7440:	1 
7441:	2 
7442:	2 
7443:	1 1 
7444:	2 
7445:	2 1 
7446:	3 
7447:	1 
7448:	1 
7449:	1 
7450:	1 
7451:	1 
7452:	2 
7453:	1 
7454:	2 
7455:	1 
7456:	1 2 1 1 1 1 1 1 1 1 1 1 1 1 1 1 1 1 1 1 1 1 1 1 1 1 1 1 1 1 1 1 1 1 1 1 1 1 1 1 1 1 1 1 1 1 1 1 1 1 1 1 1 1 1 1 1 1 1 1 1 1 1 1 1 1 1 1 1 1 1 1 1 1 1 1 1 1 1 1 1 1 1 1 1 1 1 1 1 1 1 1 1 1 1 1 1 1 1 1 1 1 1 1 1 1 1 1 1 1 1 1 1 1 1 1 1 1 1 1 1 1 1 1 1 1 1 1 1 1 1 1 1 1 1 1 1 1 1 1 1 1 1 1 1 1 1 1 
7457:	2 
7458:	1 
7459:	1 
7460:	1 
7461:	1 
7462:	1 
7463:	1 
7464:	2 
7465:	1 
7466:	1 
7467:	1 
7468:	1 1 
7469:	1 
7470:	1 
7471:	1 
7472:	1 
7473:	1 
7474:	1 
7475:	1 
7476:	1 
7477:	1 
7478:	1 
7479:	1 
7480:	1 
7481:	1 
7482:	2 1 1 1 1 1 1 1 1 1 1 1 1 1 1 1 1 1 1 1 1 1 1 1 1 1 1 1 1 1 1 1 1 1 1 1 1 1 1 1 1 1 1 1 1 1 1 1 1 1 1 1 1 1 1 1 1 1 1 1 1 1 1 1 1 1 1 1 1 1 1 1 1 1 1 1 1 1 1 1 1 1 1 1 1 1 1 1 1 1 1 1 1 1 1 1 1 1 1 1 1 1 1 1 1 1 1 1 1 1 1 1 1 1 1 1 1 1 1 1 1 1 1 1 1 1 1 1 1 1 1 1 1 1 1 1 1 1 1 1 1 1 1 1 1 1 1 1 1 1 1 1 1 1 1 1 
7483:	2 
7484:	1 1 
7485:	1 
7486:	1 
7487:	1 11 
7488:	1 
7489:	3 
7490:	1 
7491:	1 
7492:	1 
7493:	1 
7494:	2 
7495:	2 
7496:	1 
7497:	3 
7498:	1 
7499:	2 
75:	2 1 1 1 1 1 1 1 1 1 1 1 1 1 1 1 1 1 1 1 1 1 1 1 1 1 1 1 1 1 1 1 1 1 1 1 1 1 1 1 1 1 1 1 1 1 1 1 1 1 1 1 1 1 1 1 1 1 1 1 1 1 1 1 1 1 1 1 1 1 1 1 1 1 1 1 1 1 1 1 1 1 1 1 1 1 1 1 1 1 1 1 1 1 1 1 1 1 1 1 1 1 1 1 1 1 1 1 1 1 1 1 1 1 1 1 1 1 1 1 1 1 1 1 1 1 1 1 1 1 1 1 1 1 1 1 
7500:	1 
7501:	1 
7502:	2 
7503:	2 
7504:	1 
7505:	1 
7506:	2 
7507:	1 
7508:	1 
751:	1 
7510:	1 
7511:	1 
7512:	1 
7513:	1 
7514:	1 
7515:	1 
7516:	1 
7517:	1 
7518:	1 1 
7519:	1 2 
7520:	1 
7521:	1 
7522:	3 
7523:	5 
7524:	1 
7525:	2 
7526:	3 
7527:	1 
7528:	1 
7529:	1 
7530:	2 
7531:	1 
7532:	5 
7533:	2 
7534:	2 2 
7535:	1 
7536:	2 
7537:	2 
7538:	2 
7539:	2 
754:	1 
7540:	1 
7541:	2 1 
7543:	3 
7544:	1 
7545:	2 
7546:	2 
7547:	2 
7548:	1 
7549:	3 
7551:	1 
7552:	3 
7553:	1 
7554:	3 
7556:	15 
7557:	2 2 
7558:	3 
7559:	5 
7560:	1 1 
7561:	1 
7562:	1 
7563:	1 
7568:	3 
7569:	1 
7570:	1 
7571:	1 
7572:	1 
7573:	1 
7574:	2 
7575:	1 
7576:	1 
7577:	1 
7578:	1 
7579:	1 
7580:	1 
7581:	1 
7582:	1 
7583:	2 1 1 1 1 1 1 1 1 1 1 1 1 1 1 1 1 1 1 1 1 1 1 1 1 1 1 1 1 1 1 1 1 1 1 1 1 1 1 1 1 1 1 1 1 1 1 1 1 1 1 1 1 1 1 1 1 1 1 1 1 1 1 1 1 1 1 1 1 1 1 1 1 1 1 1 1 1 1 1 1 1 1 1 1 1 1 1 1 1 1 1 1 1 1 1 
7584:	1 
759:	3 
7595:	1 1 
7596:	1 
7597:	1 1 
7598:	1 
7599:	1 
76:	1 1 1 1 1 1 1 1 1 1 1 1 1 1 1 1 1 1 1 1 1 1 1 1 1 1 1 1 1 1 1 1 1 1 1 1 1 1 1 1 1 1 1 1 1 1 1 1 1 1 1 1 1 1 1 1 1 1 1 1 1 1 1 1 1 1 1 1 1 1 1 1 1 1 1 1 1 1 
760:	2 
7600:	1 
7607:	1 
761:	1 
7610:	2 
7611:	1 
7612:	2 
7613:	1 
7614:	3 
7615:	1 
7616:	4 2 
7617:	4 
7618:	1 1 
7619:	1 
7622:	2 
7623:	1 
7624:	1 1 
7625:	2 
7626:	1 5 
7627:	4 
7628:	1 1 1 
7629:	3 
7630:	3 
7631:	4 
7632:	2 1 
7633:	12 
7634:	2 
7635:	1 
7637:	2 
7638:	4 
7639:	4 
7640:	2 1 
7641:	4 
7642:	1 
7643:	1 
7644:	1 
7645:	1 
7646:	1 
7647:	1 
7648:	1 
7649:	1 
765:	2 
7650:	1 
7651:	3 1 
7654:	1 
7655:	2 
7656:	2 
7657:	1 
7658:	1 
7659:	2 
7660:	1 
7661:	2 
7662:	2 
7663:	4 
7664:	3 
7665:	2 
7666:	2 
7667:	4 
7668:	2 
7669:	3 
7670:	2 2 
7671:	4 
7672:	2 
7673:	2 
7674:	4 
7675:	3 
7676:	3 
7677:	10 
7678:	5 
7679:	4 
7680:	2 
7681:	3 
7682:	3 
7683:	3 
7684:	2 
7685:	3 1 1 
7686:	4 
7687:	3 
7688:	4 
7689:	2 1 
7690:	3 
7691:	3 
7692:	2 
7693:	2 
7694:	5 
7695:	3 
7696:	3 
7697:	2 1 
7698:	3 
7699:	4 
7700:	2 1 
7701:	4 
7702:	1 
7703:	3 
7704:	2 1 
7705:	1 1 
7706:	1 
7707:	2 
7710:	1 
7712:	1 
7713:	2 
7714:	3 
7716:	1 
7717:	1 2 
7718:	2 
7719:	1 
772:	4 
7720:	2 
7722:	1 
7723:	1 
7724:	1 
7725:	2 
7726:	1 
7727:	1 
7729:	8 
7730:	4 
7731:	2 
7732:	6 
7733:	4 
7734:	2 
7735:	6 3 
7736:	1 
7737:	1 
7738:	1 
7739:	2 
7740:	3 
7741:	3 
7742:	2 
7743:	2 
7744:	1 
7745:	3 
7746:	7 
7747:	1 1 
7748:	1 
7749:	1 
775:	1 
7750:	1 1 
7751:	1 
7752:	1 
7753:	1 
7754:	1 
7755:	1 
7756:	1 
7757:	1 
7758:	1 
7759:	1 
7761:	3 
7762:	2 
7767:	2 
7768:	1 
7769:	4 
7771:	3 
7772:	3 
7774:	1 
7782:	1 
7783:	7 
7784:	2 3 
7785:	5 
7786:	2 
7787:	6 
7788:	2 
7789:	2 
7790:	3 
7791:	2 1 
7792:	10 8 
7793:	7 
7794:	3 
7795:	2 
7796:	14 
7797:	5 
7798:	3 
7799:	5 
78:	1 
780:	1 
7800:	2 
7801:	4 
7802:	3 
7825:	3 
7826:	4 
7827:	3 
7828:	2 
7829:	6 
783:	1 
7830:	5 
7831:	4 
7832:	3 
7833:	3 
7834:	4 
7835:	5 1 
7836:	4 
7837:	4 
7838:	4 
7839:	5 
7840:	3 
7841:	4 
7842:	5 
7843:	1 
7844:	5 
7845:	2 
7846:	2 
7847:	4 
7848:	3 
7849:	4 
7850:	2 1 
7851:	3 
7852:	4 1 
7853:	4 
7854:	1 
7855:	1 
7856:	1 3 
7857:	5 
7858:	3 
7859:	1 2 
7860:	6 
7861:	2 1 
7862:	4 1 
7863:	4 1 
7864:	1 2 
7865:	2 
7867:	2 
7868:	5 
7869:	5 
787:	1 
7870:	3 
7871:	3 
7872:	3 
7873:	3 
7874:	2 
7875:	2 
7876:	3 
7877:	3 
7878:	3 
7879:	2 
7880:	3 
7881:	2 
7882:	6 
7883:	5 
7884:	2 
7885:	4 
79:	1 
791:	1 
7919:	1 
7920:	1 
7921:	1 
7931:	1 
7932:	1 
7933:	1 
7934:	6 
7935:	2 
7936:	2 
7937:	1 
7938:	1 
7939:	5 
7940:	5 
7942:	1 
7952:	1 
7953:	1 
7954:	1 
7955:	1 
7958:	2 
7961:	1 
7965:	1 
7967:	1 
7969:	2 
7970:	1 
7971:	1 
7975:	1 
7976:	1 
7978:	1 
7981:	1 
7986:	1 
7987:	2 
7989:	1 
7990:	1 
7992:	1 
7993:	1 
7994:	1 
7996:	1 
7997:	1 
7998:	1 
7999:	1 
80:	1 1 1 1 1 1 1 1 1 1 1 1 1 1 1 1 1 1 1 1 1 1 1 1 1 1 1 1 1 1 1 1 1 1 1 1 1 1 1 1 1 1 1 1 1 1 1 1 1 1 1 1 1 1 1 1 1 1 1 1 1 1 1 1 1 1 1 1 1 1 1 1 1 1 1 1 1 1 1 1 1 
8001:	1 
8003:	1 
8007:	1 
8012:	1 
8013:	1 
8020:	1 
8024:	1 
8026:	1 
8028:	1 
8030:	5 
8031:	1 
8032:	1 
8033:	1 
8034:	1 
8037:	1 
8039:	1 
8042:	1 
8043:	1 
8045:	1 
8047:	2 
8048:	1 
8049:	1 
8052:	2 
8053:	1 
8054:	1 
8056:	1 
8057:	1 
8065:	1 
8066:	2 
8071:	1 
8074:	1 
8075:	1 
8077:	1 5 
8079:	1 
8082:	1 
8084:	1 
8087:	1 
8088:	1 
8089:	1 
8092:	1 
81:	1 1 1 1 1 1 1 1 1 1 1 1 1 1 1 1 1 1 1 1 1 1 1 1 1 1 1 1 1 1 1 1 1 1 1 1 1 1 1 1 1 1 1 1 1 1 1 1 1 1 1 1 1 1 1 1 1 1 1 1 1 1 1 1 1 1 1 1 1 2 1 1 1 1 1 1 1 1 1 1 1 1 1 1 1 1 1 1 1 1 1 1 1 1 1 1 1 1 1 1 1 1 1 1 1 1 1 1 1 1 1 1 1 1 1 1 1 1 1 1 1 1 1 1 1 1 1 1 1 1 
810:	1 
8102:	1 
8103:	1 
8104:	1 
8107:	1 
8108:	1 
8109:	1 
8112:	2 
8113:	1 
8116:	1 
8117:	1 
8118:	2 
8119:	1 
8120:	1 
8121:	1 
8124:	7 
8125:	3 
813:	1 
8131:	2 
8133:	1 
8134:	2 
8135:	1 1 
8136:	2 
8137:	1 7 
8138:	2 
8139:	2 
8140:	2 
8141:	2 
8142:	1 
8146:	1 
8147:	1 
8149:	1 
815:	1 
8151:	1 
8154:	1 
8155:	1 
8157:	1 
8158:	1 
8159:	1 
816:	1 2 
8160:	1 
8161:	1 
8162:	1 
8165:	1 
8166:	1 
8167:	1 
817:	1 
8173:	1 1 
82:	3 
820:	1 
8205:	1 3 
8207:	1 1 
8209:	5 
8221:	1 
8228:	1 
8231:	2 
8232:	1 
8238:	1 
8240:	1 
8244:	1 
8245:	1 
8246:	1 
8248:	1 
8249:	1 
825:	1 
8250:	2 
8251:	1 
8252:	1 
8254:	2 
8257:	4 
8263:	5 
8264:	1 
8265:	1 
8267:	1 
8268:	1 
8269:	2 
827:	2 
8270:	3 
8271:	1 
8272:	1 
8273:	2 
8274:	1 
8275:	2 
8276:	1 
8292:	2 
83:	1 
8302:	2 
8313:	1 
832:	1 
8335:	1 
8350:	1 
838:	2 
840:	1 
841:	1 
8420:	1 
8422:	1 3 
8424:	1 
843:	1 
8430:	1 
844:	1 
8440:	1 
845:	1 
8467:	1 
850:	1 
851:	1 
8514:	1 
852:	1 
8524:	1 
853:	1 
8543:	1 
855:	2 
856:	1 
857:	1 
859:	1 
86:	1 1 1 1 1 1 1 1 1 1 1 1 1 1 1 1 1 1 1 1 1 1 1 1 1 1 1 1 1 1 1 1 1 1 1 1 1 1 1 1 1 1 1 1 1 1 1 1 1 1 1 1 1 1 1 1 1 1 1 1 1 1 1 1 1 1 1 1 1 1 1 1 1 1 1 1 1 1 1 1 1 1 1 1 1 1 1 1 1 1 1 1 1 1 1 1 1 1 1 1 1 1 1 1 1 1 1 1 1 1 1 1 1 1 1 1 1 1 1 1 1 1 
860:	1 
861:	1 
862:	1 
863:	1 
864:	3 
865:	1 1 
8650:	1 2 
866:	1 
8663:	1 
8665:	1 1 
867:	1 
868:	1 
869:	2 
8697:	1 1 
87:	1 1 1 1 1 1 1 1 1 1 1 1 1 1 1 1 1 1 1 1 1 1 1 1 1 1 1 1 1 1 1 1 1 1 1 1 1 1 1 1 1 1 1 1 1 1 2 1 1 1 1 1 1 1 1 1 1 1 1 1 1 1 1 1 1 1 1 1 1 1 1 1 1 1 1 1 1 1 1 1 1 1 1 1 1 1 1 1 1 1 1 1 1 1 1 1 1 1 1 1 1 1 1 1 1 1 1 1 1 1 1 1 1 1 1 1 1 1 1 1 1 1 1 1 1 1 1 
870:	1 
871:	1 
872:	2 
873:	1 
874:	1 
8740:	1 
875:	3 
8751:	2 
8752:	1 
8754:	1 
876:	45 2 
877:	1 
8775:	1 
878:	3 
8780:	1 
879:	1 
880:	1 
884:	3 
8847:	1 
8855:	1 
8856:	2 
8857:	1 1 
8858:	1 1 
8859:	2 
886:	1 
8860:	2 
8861:	2 
8862:	1 
8863:	1 
8864:	1 
8865:	2 
8866:	3 
8867:	2 
8868:	1 
8869:	1 
8870:	3 
8871:	1 
8872:	4 
8873:	2 
8874:	1 
8875:	1 
89:	1 1 1 1 1 1 1 1 1 1 1 1 1 1 1 1 1 1 1 1 1 1 1 1 1 1 1 1 1 1 1 1 1 1 1 1 1 1 1 1 1 1 1 1 1 1 1 1 1 1 1 1 1 1 1 1 1 1 1 1 1 1 1 1 1 1 1 1 1 1 1 1 1 1 1 1 
892:	1 
8930:	4 1 
8933:	4 
8935:	1 
8936:	1 
8937:	2 
8942:	1 1 
8945:	1 
8947:	1 
8948:	2 
8949:	2 
8950:	1 1 
8951:	1 1 
8952:	1 
8953:	1 
8954:	3 
8955:	1 
8956:	1 
8957:	2 
8958:	1 
8960:	1 
8961:	1 
8962:	1 
8964:	1 
8965:	2 
8966:	1 1 
8967:	1 
8968:	1 
897:	1 
898:	1 
8982:	1 1 1 
8984:	1 
9:	1 
90:	2 2 1 1 1 1 1 1 1 1 1 1 1 1 1 1 1 1 1 1 1 1 1 1 1 1 1 1 1 1 1 1 1 1 1 1 1 1 1 1 1 1 1 1 1 1 1 1 1 1 1 1 1 1 1 1 1 1 1 1 1 1 1 1 1 1 1 1 1 1 1 1 1 1 1 1 1 1 1 1 1 1 1 1 1 1 1 1 1 1 1 1 1 1 1 1 1 1 1 1 1 1 1 1 1 1 1 1 1 1 1 1 1 1 1 1 1 1 1 1 1 1 1 1 1 
9004:	1 
9029:	2 2 
9030:	1 
9031:	2 
9032:	1 
9033:	1 
9034:	1 
9035:	1 
9036:	1 3 
9037:	1 
9038:	1 
9039:	3 
9040:	2 1 
9041:	1 
9042:	2 
9043:	2 
9044:	2 
9045:	2 
9046:	1 
9048:	1 
9049:	3 
9050:	1 
9051:	4 
9052:	1 
9053:	1 
9054:	1 
9055:	1 
9056:	2 
9057:	1 
9058:	1 
9059:	1 2 
9060:	1 
9061:	1 
9062:	1 
9064:	3 
9065:	1 
9069:	1 
9072:	1 
9073:	1 
9075:	1 
9076:	1 
9077:	1 
9084:	1 
9085:	1 
9088:	1 
9090:	2 
9091:	1 
91:	1 
9101:	2 
9102:	2 
9103:	1 
9104:	1 
9106:	1 
9109:	1 
9110:	1 3 
9111:	1 
9112:	1 
919:	1 
9194:	1 1 1 1 1 1 1 1 1 1 1 1 1 1 1 1 1 1 1 1 1 1 1 1 1 1 1 1 1 1 1 1 1 1 1 1 1 1 1 1 1 1 1 1 1 1 1 1 1 1 1 1 1 1 1 1 1 1 1 1 1 1 1 1 1 1 1 1 1 1 1 1 1 1 1 1 1 1 1 1 1 1 1 1 
92:	1 
921:	2 1 1 1 1 1 1 1 1 1 1 1 1 1 1 1 1 1 1 1 1 1 1 1 1 1 1 1 1 1 1 1 1 1 1 1 1 1 1 1 1 1 1 1 1 1 1 1 1 1 1 1 1 1 1 1 1 1 1 1 1 1 1 1 1 1 1 1 1 1 1 1 1 1 1 1 1 1 1 1 1 1 1 1 1 1 1 1 1 1 1 1 1 1 1 1 1 1 1 1 1 1 1 1 1 1 
922:	1 1 
9223:	1 
924:	1 
9243:	1 
9244:	1 
9245:	2 
9246:	1 
9247:	1 
9248:	1 
9249:	2 
925:	1 
9250:	1 
9251:	1 
9252:	1 
9253:	2 
9254:	2 1 1 1 1 1 1 1 1 1 1 1 1 1 1 1 1 1 1 1 1 1 1 1 1 1 1 1 1 1 1 1 1 1 1 1 1 1 1 1 1 1 1 1 1 1 1 1 1 1 1 1 1 1 1 1 1 1 1 1 1 1 1 1 1 1 1 1 1 1 1 1 1 1 1 1 1 1 1 1 1 1 1 1 1 1 1 1 1 
9256:	2 
9257:	2 
9258:	1 
9259:	2 
9260:	2 
9261:	1 
9262:	2 
9263:	1 
9264:	1 
9265:	1 4 
9266:	1 
9267:	1 
9268:	1 
9269:	1 
9271:	1 
9273:	1 
9274:	1 
9276:	2 1 
9277:	5 
9278:	1 
9279:	3 
9280:	2 
9282:	2 3 
9284:	1 
93:	1 
930:	1 
9308:	1 
9319:	1 
9320:	2 1 
9321:	1 
9322:	3 1 1 1 1 1 1 1 1 1 1 1 1 1 1 1 1 1 1 1 1 1 1 1 1 1 1 1 1 1 1 1 1 1 1 1 1 1 1 1 1 1 1 1 1 1 1 1 1 1 1 1 1 1 1 1 1 1 1 1 1 1 1 1 1 1 1 1 1 1 1 1 1 1 1 1 1 1 1 1 1 1 1 1 1 1 1 1 1 1 1 1 1 1 1 1 1 1 
9323:	1 
9324:	1 
9325:	1 
9326:	1 
9327:	3 
9328:	2 
9329:	1 
9345:	1 
937:	1 
9393:	2 
94:	1 
9411:	1 
9413:	1 1 
9414:	1 1 
9415:	2 
9417:	1 
9418:	1 
9419:	1 
942:	1 
9420:	1 
9422:	1 
9423:	2 
9424:	1 
9425:	1 
9426:	1 1 
9427:	2 
9428:	1 
9429:	1 
943:	1 1 
9430:	1 
9431:	1 
9432:	1 
9433:	1 
9434:	1 
9437:	2 1 1 1 1 1 1 1 1 1 1 1 1 1 1 1 1 1 1 1 1 1 1 1 1 1 1 1 1 1 1 1 1 1 1 1 1 1 1 1 1 1 1 1 1 1 1 1 1 1 1 1 1 1 
9438:	4 
9439:	1 
944:	1 
9440:	1 1 
9441:	1 
9442:	1 
945:	1 
9451:	2 
9452:	1 
9454:	1 
9484:	7 
949:	1 
9515:	2 
9516:	1 2 
9517:	1 
9518:	2 
9519:	2 
952:	2 
9521:	1 
9522:	1 
9523:	1 1 
9524:	1 
953:	1 
954:	1 
9545:	1 
9546:	2 
9547:	2 
9548:	1 
9549:	1 
955:	1 1 
9550:	1 
9551:	2 
9552:	1 
9553:	2 
9554:	2 
9555:	3 1 1 1 1 1 1 1 1 1 1 1 1 1 1 1 1 1 1 1 1 1 1 1 1 1 1 1 1 1 1 1 1 1 1 1 1 1 1 1 1 1 1 1 1 1 1 1 1 1 1 1 1 1 1 1 1 1 1 1 1 1 1 1 1 1 1 1 1 1 1 1 1 1 1 1 1 1 1 1 1 1 1 1 1 1 1 1 1 1 1 1 1 1 1 1 1 1 1 1 1 1 
9556:	4 
9557:	3 1 1 
9558:	1 
9559:	2 
956:	1 
9560:	1 
9561:	1 
9562:	1 
9563:	1 
9564:	2 2 
9565:	1 
9566:	1 
9567:	1 
9568:	2 
9569:	2 
9570:	1 
9571:	1 
9572:	1 
9573:	1 
9574:	1 
9575:	1 
9576:	2 
9578:	1 
9580:	2 1 
9581:	1 
9582:	2 
9583:	1 
9584:	1 
9586:	1 
9587:	2 
959:	1 
96:	1 
960:	1 
9603:	1 
9609:	1 2 
961:	1 
9610:	1 
9611:	2 
9612:	1 
9613:	1 
9614:	3 1 1 1 1 1 1 1 1 1 1 1 1 1 1 1 1 1 1 1 1 1 1 1 1 1 1 1 1 1 1 1 1 1 1 1 1 1 1 1 1 1 1 1 1 1 1 1 1 1 1 1 1 1 1 1 1 1 1 1 1 1 1 1 1 1 1 1 1 1 1 1 1 1 1 1 1 1 1 1 1 1 1 1 1 1 
9615:	1 
9616:	1 
9617:	2 
9618:	1 
9619:	1 1 
9623:	1 
9629:	1 
9632:	2 1 1 1 1 1 1 1 1 1 1 1 1 1 1 1 1 1 1 1 1 1 1 1 1 1 1 1 1 1 1 1 1 1 1 1 1 1 1 1 1 1 1 1 1 1 1 1 1 1 1 1 1 1 1 1 1 1 1 1 1 1 1 1 1 1 1 1 1 1 1 1 1 1 1 1 1 1 1 1 1 1 1 1 1 1 1 1 1 1 1 1 1 1 1 1 1 1 1 1 1 1 1 1 1 1 1 1 1 1 1 1 1 1 1 1 1 1 1 
9633:	1 
9653:	1 
9657:	1 
9664:	1 
9665:	1 
9666:	2 
9667:	1 3 
9668:	1 
9669:	2 
967:	1 
9670:	1 
9671:	2 
9672:	1 
9673:	1 
9674:	1 
9675:	2 
9676:	1 
9677:	1 
9678:	2 
9679:	1 1 
9680:	1 
9681:	2 
9682:	1 
9683:	1 
9684:	1 
9685:	1 
9687:	2 
9688:	1 2 
9689:	2 
9690:	1 
9691:	1 1 
9692:	1 1 
9693:	2 
9694:	2 
9695:	2 
9696:	2 
9697:	1 2 1 1 1 1 1 1 1 1 1 1 1 1 1 1 1 1 1 1 1 1 1 1 1 1 1 1 1 1 1 1 1 1 1 1 1 1 1 1 1 1 1 1 1 1 1 1 1 1 1 1 1 1 1 1 1 1 1 1 1 1 1 1 1 1 1 1 1 1 1 1 1 1 1 1 1 1 1 1 1 1 1 1 1 1 1 
9698:	1 
9699:	1 1 
9700:	1 
9701:	1 2 
9702:	1 
9703:	1 
9704:	1 1 
9705:	1 1 
9706:	1 1 
9707:	2 
9708:	1 
9713:	1 
9731:	7 
9739:	1 
974:	1 
9740:	1 
9741:	3 1 
9742:	1 
9743:	1 
9745:	1 
9749:	1 1 
975:	2 
9750:	3 
9751:	1 
9762:	2 
9764:	4 
9765:	2 
9766:	1 
9767:	2 1 1 1 1 1 1 1 1 1 1 1 1 1 1 1 1 1 1 1 1 1 1 1 1 1 1 1 1 1 1 1 1 1 1 1 1 1 1 1 1 1 1 1 1 1 1 1 1 1 1 1 1 1 1 1 1 1 1 1 1 1 1 1 1 1 1 1 1 1 1 1 1 1 1 1 1 1 1 1 1 1 1 1 1 1 1 1 1 1 1 1 1 1 1 1 1 1 1 1 1 1 1 1 1 1 1 1 1 1 1 1 1 1 1 1 1 1 1 1 1 1 1 1 1 1 1 1 1 1 1 1 1 
977:	1 
9773:	1 
9776:	1 
9780:	1 
9783:	1 
979:	4 1 
98:	1 
980:	7 
9804:	2 
9805:	2 
9806:	1 1 
9807:	1 
9808:	1 
9809:	4 2 
981:	2 
9810:	3 
9811:	1 
9812:	1 
9813:	1 
9814:	2 
9816:	2 
9818:	2 
9819:	1 
982:	1 
9822:	1 1 
9823:	1 
9824:	13 
9825:	1 
9826:	1 
9827:	1 
9828:	1 
9829:	2 1 1 1 1 1 1 1 1 1 1 1 1 1 1 1 1 1 1 1 1 1 1 1 1 1 1 1 1 1 1 1 1 1 1 1 1 1 1 1 1 1 1 1 1 1 1 1 1 1 1 1 1 1 1 1 1 1 1 1 1 1 1 1 1 1 1 1 1 1 1 1 1 1 1 1 1 1 1 1 1 1 1 1 1 1 1 1 1 1 1 1 1 1 1 1 1 1 1 1 1 1 1 1 1 1 1 1 1 1 1 1 1 1 1 1 
983:	5 
9834:	1 4 
9835:	1 
9836:	3 
9837:	6 
9838:	1 
9840:	2 
9841:	3 
985:	1 
9850:	2 
9851:	1 
9852:	1 1 1 1 1 1 1 1 1 1 1 1 1 1 1 1 1 1 1 1 1 1 1 1 1 1 1 1 1 1 1 1 1 1 1 1 1 1 1 1 1 1 1 1 1 1 1 1 1 1 1 1 1 1 1 1 1 1 1 1 1 1 1 1 1 1 1 1 1 1 1 1 1 1 1 1 1 1 1 1 1 1 1 1 1 1 1 1 1 1 1 1 1 1 1 1 1 1 1 1 1 1 1 1 1 1 1 1 1 1 1 1 1 1 1 1 1 1 1 1 1 1 1 1 1 1 1 1 1 1 1 1 1 1 1 1 1 1 1 1 1 1 1 1 1 1 
9857:	1 
9858:	2 2 
986:	6 
9861:	2 
9862:	1 
9863:	2 
9864:	4 
9865:	1 
9866:	1 
9867:	1 
9868:	1 
987:	1 
9870:	2 
9875:	1 
9879:	1 
9881:	1 
9882:	1 
9883:	1 5 
9885:	1 
9886:	1 
9887:	1 
9888:	1 
9889:	1 
9891:	1 
9893:	2 
9894:	1 
9896:	1 
9901:	1 1 
9902:	1 
9904:	2 
9905:	4 
9906:	2 
9907:	1 
9910:	2 1 1 1 1 1 1 1 1 1 1 1 1 1 1 1 1 1 1 1 1 1 1 1 1 1 1 1 1 1 1 1 1 1 1 1 1 1 1 1 1 1 1 1 1 1 1 1 1 1 1 1 1 1 1 1 1 
9911:	1 
9916:	1 
9927:	3 
9936:	1 
9937:	1 
9938:	2 1 1 1 1 1 2 1 1 1 1 1 1 1 1 1 1 1 1 1 1 1 1 1 1 1 1 1 1 1 1 1 1 1 1 1 1 1 1 1 1 1 1 1 1 1 1 1 1 1 1 1 1 1 
9942:	2 
9944:	3 
9954:	1 
9959:	7 
9977:	1 
998:	1 
