=== non-contiguous nft : chains ===
Found 5041 chain interruption in 3205 different nfts
nft:	 contiguousTransactionCount1 contiguousTransactionCount2 ...

10:	1 1 4 2 2 
100:	3 2 1 1 
1000:	1 1 1 
1001:	3 2 1 
1002:	2 
1003:	1 3 
1004:	3 2 4 
1005:	2 
1006:	4 
1007:	1 1 
1008:	4 1 2 1 1 1 2 3 
1009:	1 1 1 7 3 
101:	2 2 
1010:	1 1 1 
1011:	3 1 
1012:	2 1 1 
1013:	1 1 
1014:	1 
1015:	1 5 1 1 
1016:	4 
1017:	1 6 2 1 3 2 1 1 3 2 3 
1018:	4 1 
1019:	5 1 
102:	2 2 
1020:	2 2 1 11 
1021:	2 
1022:	1 
1023:	3 6 
1024:	1 3 
1025:	2 1 1 
1026:	1 1 
1027:	1 1 1 8 
1028:	2 
1029:	2 4 1 
103:	2 
1030:	2 1 3 1 2 3 2 
1031:	2 
1032:	1 5 
1033:	1 
1034:	2 
1035:	3 1 
1036:	1 3 1 
1037:	3 1 
1038:	5 
1039:	2 
104:	4 1 1 1 2 
1040:	5 3 
1041:	3 1 
1042:	1 4 
1043:	2 4 1 1 2 4 
1044:	6 5 1 
1045:	1 1 
1046:	1 1 11 
1047:	1 
1048:	1 1 3 
1049:	1 1 
105:	4 2 
1050:	2 
1051:	1 
1052:	1 1 
1053:	1 
1054:	2 1 1 
1055:	3 
1056:	1 1 
1057:	2 
1058:	1 1 
1061:	1 
1064:	4 
1065:	4 1 3 
1066:	1 1 
1067:	1 1 1 2 
1068:	3 
1069:	1 
107:	8 3 
1070:	1 2 1 4 
1071:	2 2 
1072:	2 2 
1073:	5 1 1 1 1 
1074:	4 2 1 3 2 
1075:	1 1 1 1 
1076:	2 1 
1078:	3 2 1 
1079:	3 2 2 
108:	4 1 1 5 5 
1080:	4 1 2 1 
1082:	1 1 1 1 
1083:	3 
1084:	1 
1086:	2 1 
1087:	4 1 1 
1089:	2 4 1 1 2 3 1 
109:	1 
1090:	6 
1091:	2 2 1 
1092:	1 1 
1094:	1 1 
1095:	2 
1097:	3 2 2 
1098:	1 4 4 7 2 
1099:	1 1 
11:	4 2 
110:	5 1 1 
1100:	2 
1101:	1 
1102:	5 
1103:	2 4 12 1 3 1 3 
1104:	2 
1105:	2 
1106:	2 2 4 4 
1107:	3 1 2 5 
1108:	2 1 1 1 
1109:	1 1 3 1 1 
111:	2 
1110:	3 1 
1111:	3 2 2 1 
1112:	2 
1113:	2 
1114:	1 2 1 
1115:	1 2 
1116:	5 2 3 1 6 
1117:	2 
1118:	2 2 1 
1119:	6 2 1 1 6 7 2 4 1 1 
112:	6 1 1 3 
1120:	1 1 2 1 1 
1121:	2 
1122:	3 
1123:	2 
1124:	2 
1127:	2 
1128:	5 
1129:	4 
113:	4 1 
1130:	2 
1131:	2 1 
1132:	2 1 3 
1133:	4 
1134:	1 2 
1135:	3 
1136:	3 1 2 1 1 1 
1137:	2 2 1 
1138:	2 2 1 
1139:	1 1 
1140:	7 1 3 
1141:	3 1 1 1 
1142:	1 
1143:	2 1 
1144:	6 2 1 
1145:	3 1 3 2 3 2 5 
1146:	2 2 2 2 
1147:	8 2 1 13 2 1 4 
1148:	1 3 
1149:	1 1 3 
115:	1 3 
1155:	5 2 1 3 2 1 
1156:	1 2 1 
1157:	2 
1158:	3 1 1 
1159:	2 
116:	5 1 2 8 1 1 2 1 
1160:	3 2 1 
1161:	3 1 1 1 
1162:	2 1 
1163:	3 
1164:	2 3 
1165:	1 1 1 
1166:	3 
1167:	2 
1168:	1 2 1 1 
1169:	5 1 1 
117:	1 
1170:	1 1 1 2 
1171:	4 
1172:	1 3 1 1 1 1 1 
1173:	2 
1174:	1 
1175:	2 3 2 2 
1176:	6 
1177:	5 3 1 1 4 2 3 
1178:	7 
1179:	2 
118:	2 
1180:	3 3 2 1 2 
1181:	2 1 
1182:	2 
1183:	3 1 1 
1184:	1 2 4 
1185:	6 
1186:	1 
1187:	5 
1189:	3 
119:	4 
1190:	1 4 
1191:	2 
1192:	4 
1193:	2 1 2 2 1 
1194:	1 3 2 1 1 
1195:	4 
1196:	4 1 
1197:	2 
1198:	2 2 
1199:	4 1 2 1 3 3 2 1 
12:	4 1 1 5 
120:	4 13 
1200:	5 
1201:	3 1 2 4 
1202:	2 1 2 
1203:	2 1 10 7 1 2 
1204:	4 1 
1205:	3 
1206:	3 1 
1207:	1 
1208:	1 3 1 2 
1209:	4 1 3 1 1 
121:	3 
1210:	4 
1211:	2 
1212:	1 
1213:	3 1 1 
1214:	2 6 1 1 
1215:	3 2 2 3 
1216:	3 12 
1217:	4 1 1 1 1 
1218:	5 3 
1219:	2 1 3 3 1 2 1 1 
122:	1 2 1 3 
1220:	2 
1221:	4 2 1 
1222:	3 1 
1223:	3 
1224:	5 1 2 1 1 
1225:	3 3 1 1 1 1 
1226:	2 13 2 12 4 8 1 
1227:	2 1 
1228:	2 1 2 
1229:	2 1 
123:	1 1 1 
1230:	2 2 1 1 
1231:	1 4 
1232:	2 1 1 3 
1233:	1 1 2 1 1 1 1 
1234:	3 1 1 
1235:	3 
1236:	2 2 1 
1237:	9 1 2 
1238:	4 
1239:	2 1 
124:	2 
1240:	1 
1241:	2 3 
1242:	2 
1243:	1 1 4 
1244:	3 
1245:	2 1 
1246:	2 
1247:	3 2 
1248:	2 1 
1249:	2 
125:	2 
1250:	2 2 1 1 2 
1251:	2 2 1 2 1 
1252:	3 3 1 
1253:	2 2 
1254:	3 3 1 
1255:	3 1 
1256:	1 1 1 
1257:	2 1 
1258:	1 
1259:	4 1 2 1 1 1 
126:	2 2 2 2 2 
1260:	1 4 1 1 
1261:	1 
1262:	5 1 1 1 
1263:	3 8 
1264:	2 1 
1265:	1 
1266:	6 2 
1267:	2 
1268:	1 4 
1269:	1 2 1 
127:	2 2 1 3 2 2 
1270:	4 3 4 
1271:	1 1 1 1 
1272:	4 1 3 
1273:	4 
1274:	1 1 
1275:	2 1 
1276:	3 1 1 
1277:	2 1 3 1 
1278:	4 
1279:	1 1 1 2 1 1 2 
128:	4 1 
1280:	2 
1281:	4 2 
1282:	3 
1283:	3 1 2 
1284:	1 2 
1285:	3 
1286:	1 1 1 1 1 5 
1287:	1 
1288:	4 1 
1289:	3 1 1 2 5 
129:	3 
1290:	1 3 1 
1291:	6 
1292:	3 1 
1293:	1 2 3 1 1 
1294:	1 7 
1295:	1 4 1 1 
1296:	3 2 1 
1297:	3 2 
1298:	4 
1299:	5 1 
13:	1 
130:	1 
1300:	1 2 4 
1301:	1 
1302:	2 
1303:	1 1 2 1 2 2 1 
1304:	2 
1305:	8 
1306:	2 
1307:	2 1 1 
1308:	7 
1309:	2 1 2 
131:	3 
1310:	2 2 2 2 
1311:	2 
1312:	6 3 8 12 3 1 2 
1313:	3 
1314:	4 1 2 
1315:	4 2 
1316:	1 1 1 2 1 
1317:	1 
1318:	3 4 1 
1319:	4 3 
132:	3 
1320:	2 3 
1321:	2 2 1 
1322:	2 4 
1323:	5 2 1 1 1 1 
1324:	2 1 
1325:	2 2 1 
1326:	1 
1327:	5 1 2 2 
1328:	4 
1329:	1 2 1 
133:	5 
1330:	4 1 2 2 2 
1331:	6 
1332:	1 
1333:	2 1 
1334:	2 1 
1335:	1 1 5 15 1 3 2 
1336:	1 2 
1337:	1 6 
1338:	3 
1339:	1 1 1 2 1 
134:	4 3 
1340:	1 
1341:	1 1 6 1 1 1 
1342:	1 4 1 1 1 1 2 
1343:	1 2 2 1 1 2 
1347:	1 2 1 2 2 1 2 6 
1348:	1 2 
1349:	1 2 2 1 4 
135:	5 
1350:	2 1 2 
1351:	2 1 
1352:	3 1 
1354:	5 
1355:	1 1 1 3 2 2 
1357:	2 
1358:	1 1 
1359:	3 
136:	4 1 2 1 7 
1360:	1 
1361:	2 1 2 
1362:	1 1 
1364:	5 
1365:	3 1 1 2 1 4 2 3 
1366:	2 1 1 
1368:	4 
1370:	3 2 
1371:	1 
1372:	1 2 2 1 2 1 
1373:	1 1 1 2 1 
1374:	1 4 2 
1375:	1 3 1 3 1 
1376:	2 1 1 1 
1377:	3 1 8 
1378:	5 2 1 1 8 1 
1379:	6 
138:	3 
1380:	1 2 2 1 
1381:	1 
1382:	2 
1383:	2 1 
1384:	1 1 5 8 2 5 
1385:	4 2 1 
1386:	1 2 1 1 
1387:	3 
1388:	4 
1389:	5 1 1 
1390:	1 2 2 
1391:	1 4 2 2 1 1 1 1 1 
1392:	1 3 
1394:	1 2 
1395:	2 1 1 
1396:	7 1 4 
1397:	2 2 2 2 2 
1398:	4 1 1 1 
1399:	3 
14:	1 3 
140:	1 
1400:	2 1 
1401:	1 2 
1402:	4 
1403:	2 
1404:	2 
1405:	4 
1406:	4 
1407:	1 1 1 
1408:	5 1 1 1 1 2 
1409:	3 1 
141:	1 1 1 
1410:	3 2 1 1 2 1 1 
1411:	4 
1412:	1 1 1 1 
1413:	2 1 
1414:	3 
1415:	1 6 
1416:	5 1 2 3 1 1 
1417:	4 2 
1418:	1 2 2 1 3 1 1 1 
1419:	3 
142:	1 3 
1420:	10 1 1 2 1 
1421:	2 
1422:	3 
1423:	2 1 1 1 1 1 
1424:	2 1 
1425:	1 
1426:	3 1 1 
1427:	1 3 
1428:	1 
1429:	7 2 
143:	2 1 1 2 1 1 
1430:	6 
1431:	3 
1432:	1 2 1 
1433:	1 4 2 
1434:	6 3 
1435:	2 
1436:	3 
1437:	3 2 1 
1438:	2 2 1 3 1 2 
1439:	4 
144:	4 
1440:	4 2 1 1 3 
1441:	1 
1442:	3 1 
1443:	4 1 
1444:	5 1 2 1 
1445:	2 
1446:	3 
1447:	2 
1448:	5 
1449:	3 1 3 
1450:	4 3 1 
1451:	4 3 1 5 1 3 
1452:	4 
1453:	4 
1454:	7 
1455:	2 
1456:	3 
1457:	3 
1458:	4 1 1 
1459:	1 2 
1460:	1 4 2 
1461:	3 
1462:	2 2 2 1 
1463:	1 2 2 5 
1464:	1 3 1 
1465:	3 
1466:	4 1 
1467:	2 1 1 4 
1468:	1 3 8 4 1 5 7 2 3 1 5 2 2 
1469:	1 
147:	6 
1470:	4 
1471:	4 1 3 1 1 
1472:	3 1 
1473:	1 1 1 1 
1474:	1 3 
1475:	1 6 1 4 
1476:	1 2 7 1 
1477:	2 
1478:	5 1 
1479:	4 5 3 1 1 1 1 
148:	7 2 1 1 
1480:	3 
1481:	2 
1482:	2 
1483:	1 3 1 1 
1484:	2 
1485:	4 
1486:	6 3 2 
1487:	4 1 
1488:	2 2 1 1 1 4 
1489:	1 1 
149:	8 
1490:	2 1 
1491:	3 
1492:	1 3 2 1 
1493:	2 
1494:	2 1 6 1 1 1 3 2 8 3 
1495:	5 1 2 1 2 4 
1496:	7 
1497:	2 2 1 
1498:	3 
1499:	4 1 1 1 
15:	1 2 1 
150:	6 1 
1500:	5 
1501:	6 1 1 1 6 1 13 2 1 2 
1502:	5 1 
1503:	3 2 2 1 
1504:	1 5 1 1 1 1 1 
1505:	1 
1506:	5 1 2 2 1 1 2 
1507:	1 2 
1508:	3 2 2 
1509:	2 1 
151:	3 1 2 1 1 3 
1510:	4 1 3 1 
1511:	1 
1512:	1 
1513:	4 
1514:	4 1 1 1 3 
1515:	5 
1516:	4 2 
1517:	2 3 1 
1518:	3 1 1 
1519:	1 5 
152:	2 
1520:	2 
1521:	2 
1522:	1 
1523:	4 1 
1524:	4 1 
1525:	1 
1526:	1 1 2 
1527:	1 2 
1529:	1 1 
153:	1 
1530:	2 2 1 
1531:	2 1 2 3 
1532:	3 
1533:	1 2 
1534:	4 8 1 
1535:	3 3 
1536:	4 
1537:	1 
1538:	3 1 
1539:	5 
154:	3 
1540:	4 1 
1542:	3 
1543:	3 1 
1544:	1 
1545:	2 2 2 1 
1546:	3 
1547:	7 
1548:	2 
1549:	1 4 
155:	8 1 1 2 
1550:	4 
1551:	3 
1552:	2 3 1 
1553:	1 1 
1554:	1 
1555:	2 1 1 
1556:	2 1 
1557:	1 
1558:	1 
1559:	1 3 
156:	1 1 
1560:	1 1 1 1 1 
1561:	1 
1562:	3 1 
1563:	2 8 1 3 4 
1564:	3 
1565:	5 2 
1566:	1 1 
1567:	3 1 1 1 1 
1568:	5 1 2 
1569:	3 2 1 
157:	4 1 
1570:	5 
1571:	1 5 1 1 
1572:	5 
1573:	3 2 3 1 1 
1574:	6 1 
1575:	2 
1576:	3 3 
1577:	1 
1578:	1 
1579:	1 1 1 
158:	4 
1580:	3 
1581:	4 
1582:	4 1 2 1 
1583:	3 2 1 1 
1584:	4 1 1 1 
1585:	2 
1586:	2 3 
1588:	1 1 
1589:	4 5 2 1 1 1 1 3 
159:	1 2 
1590:	1 2 
1591:	2 1 2 1 1 1 
1592:	3 1 1 1 
1593:	3 
1594:	1 1 1 1 1 2 1 
1595:	9 1 1 2 2 
1596:	7 
1597:	4 1 1 
1598:	2 4 1 4 1 9 9 5 
1599:	3 1 8 2 17 
16:	3 1 1 
160:	3 
1600:	1 1 2 
1601:	3 
1602:	4 
1603:	1 1 1 
1604:	2 2 1 
1605:	3 
1606:	1 
1607:	1 5 2 1 
1608:	2 1 
1609:	1 1 1 1 6 
161:	1 
1610:	1 1 1 1 1 2 
1611:	2 1 
1612:	1 2 2 1 
1613:	1 3 1 2 
1614:	3 
1615:	1 
1616:	1 4 1 
1617:	1 3 1 
1618:	1 3 
1619:	1 4 3 
162:	3 
1620:	1 3 1 1 
1621:	1 2 2 1 
1622:	1 1 
1623:	2 
1624:	4 2 2 
1625:	5 2 
1626:	4 1 1 
1627:	3 1 1 
1628:	2 
1629:	1 
163:	1 1 1 1 
1630:	2 2 1 1 1 2 1 3 2 
1631:	3 
1632:	1 1 1 
1633:	5 
1634:	7 
1635:	2 1 1 1 
1636:	4 1 1 3 
1637:	1 2 
1638:	7 
1639:	1 2 1 1 
164:	1 3 1 1 
1640:	1 1 1 
1641:	1 1 1 
1642:	1 6 4 
1643:	1 2 5 3 2 1 2 4 
1644:	1 2 1 
1645:	5 
1646:	1 2 2 1 
1647:	6 1 
1648:	1 4 1 6 1 3 3 
1649:	1 4 1 1 2 1 
165:	1 4 1 1 1 
1650:	1 4 1 1 1 1 1 2 
1651:	2 2 
1652:	2 2 1 
1653:	3 1 
1654:	2 
1655:	3 1 1 
1656:	2 3 3 14 
1657:	3 1 2 2 
1658:	2 
166:	3 1 1 2 
1660:	5 1 2 
1661:	2 3 1 
1662:	6 
1664:	3 
1665:	1 3 1 
1667:	4 1 
1668:	2 
1669:	1 1 4 1 1 
167:	3 1 1 3 
1670:	2 1 
1671:	2 
1672:	5 1 1 14 1 1 1 1 1 
1674:	3 1 
1675:	2 
1676:	1 
1677:	2 1 1 1 
1678:	6 1 1 
1679:	5 
168:	1 
1680:	1 3 1 2 
1681:	3 
1682:	3 1 
1683:	3 
1684:	4 
1685:	5 
1686:	2 1 1 
1687:	2 1 1 
1688:	5 
1689:	2 1 
169:	2 
1690:	2 2 1 
1691:	3 1 7 
1692:	2 
1693:	3 1 1 1 3 
1694:	6 
1695:	2 1 
1696:	2 1 2 
1697:	2 3 
1698:	2 1 1 2 
1699:	3 1 1 1 
17:	2 16 
170:	1 
1700:	3 3 2 1 
1701:	4 3 1 1 
1702:	1 2 1 1 1 7 
1703:	2 1 
1704:	1 2 1 1 2 1 
1705:	6 1 
1706:	2 1 1 1 
1707:	8 2 
1708:	2 1 
1709:	5 
171:	3 
1710:	3 
1711:	2 1 2 4 1 9 1 2 2 
1712:	1 
1713:	4 
1714:	4 1 2 
1715:	6 2 
1716:	4 
1717:	2 3 
1718:	3 2 
1719:	2 5 
172:	6 2 
1720:	3 
1721:	2 1 2 
1722:	1 
1723:	5 
1724:	3 1 1 3 2 3 
1725:	2 2 3 
1726:	2 
1727:	3 1 1 
1728:	1 1 4 2 1 2 
1729:	3 
173:	3 2 
1730:	3 1 3 4 1 
1731:	1 1 1 
1732:	3 
1733:	7 
1734:	3 1 
1735:	9 1 
1736:	3 
1737:	4 
1738:	4 1 
1739:	2 
174:	5 2 1 
1740:	3 1 
1741:	2 
1742:	5 1 
1743:	1 1 9 1 
1744:	1 1 
1745:	3 
1746:	3 1 
1747:	4 1 1 1 
1748:	3 
1749:	4 
175:	1 2 
1750:	3 1 1 1 1 
1751:	2 
1752:	4 1 
1753:	1 6 3 3 1 
1754:	1 3 
1755:	6 3 1 
1756:	2 3 
1757:	2 2 1 6 
1758:	2 1 1 1 
1759:	2 1 
176:	1 1 
1760:	3 1 2 
1761:	3 
1762:	3 1 1 2 4 2 2 
1763:	4 
1764:	2 2 
1765:	3 1 1 8 1 
1766:	3 
1767:	3 2 1 
1768:	3 1 
1769:	3 
177:	4 
1770:	3 2 
1771:	1 
1772:	2 
1773:	4 
1774:	3 2 
1775:	2 1 
1776:	4 
1777:	3 
1778:	8 3 5 10 
1779:	2 
178:	1 
1780:	3 
1781:	2 2 1 2 1 
1782:	3 1 
1783:	3 
1784:	3 1 
1785:	2 4 1 
1786:	2 1 
1787:	3 1 2 1 
1788:	4 
1789:	3 4 
179:	4 
1790:	1 1 
1791:	2 
1792:	3 
1793:	5 
1794:	3 
1795:	5 
1796:	1 
1797:	3 1 
1798:	4 
1799:	4 1 
18:	6 
180:	2 1 1 1 1 1 1 
1800:	3 
1801:	4 1 6 
1802:	6 
1803:	4 
1804:	3 7 
1805:	5 1 
1806:	3 3 
1807:	7 1 5 2 2 1 
1808:	6 
1809:	1 1 
181:	1 1 
1810:	3 
1811:	5 1 1 2 
1812:	2 1 1 
1813:	3 
1814:	2 
1815:	5 
1816:	1 1 
1817:	3 1 
1818:	3 
1819:	2 
182:	5 2 
1820:	3 
1821:	3 
1822:	6 1 
1823:	1 1 
1824:	2 1 
1825:	5 
1826:	5 1 
1827:	6 2 
1828:	5 
1829:	4 5 1 1 1 1 2 1 1 
183:	1 3 2 1 
1830:	4 1 
1831:	2 1 
1832:	3 1 3 1 3 
1833:	4 
1834:	5 2 14 1 5 5 1 1 
1835:	3 1 
1836:	4 
1837:	3 1 2 1 2 2 
1838:	1 3 1 3 1 2 
1839:	2 1 1 
184:	2 
1840:	2 
1841:	3 1 
1842:	3 4 1 1 
1843:	1 
1844:	2 2 
1845:	1 
1846:	2 2 
1847:	5 
1848:	12 
1849:	3 3 1 
185:	3 1 
1850:	4 1 
1851:	1 
1852:	2 1 
1853:	5 
1854:	1 1 1 
1855:	2 1 1 1 
1856:	1 
1857:	2 1 
1858:	5 1 2 3 1 
1859:	5 3 
186:	2 
1860:	8 1 6 4 
1861:	4 2 2 1 
1862:	3 
1863:	3 
1864:	5 
1865:	5 1 2 3 2 
1866:	2 1 1 
1867:	4 1 
1868:	1 3 2 
1869:	1 1 1 
187:	3 
1870:	3 
1871:	1 3 
1872:	1 4 
1873:	6 1 
1874:	5 2 1 
1875:	3 
1876:	2 1 
1877:	2 2 2 
1878:	1 1 
1879:	1 2 
188:	1 
1880:	1 4 1 1 1 1 
1881:	2 2 1 1 
1882:	1 1 
1883:	1 3 
1884:	2 
1885:	1 1 
1886:	7 1 1 1 
1887:	2 
1888:	4 1 2 2 
1889:	3 
189:	1 
1890:	2 1 1 
1891:	3 1 1 
1892:	5 1 
1893:	3 3 
1894:	3 1 
1895:	2 1 1 
1896:	2 
1897:	5 1 1 1 3 
1898:	2 
1899:	3 1 1 
19:	4 1 
190:	4 
1901:	2 
1902:	2 
1903:	3 1 2 3 
1904:	2 
1905:	7 6 
1906:	1 
1907:	1 2 
1908:	1 
1909:	2 
191:	3 
1910:	2 
1911:	1 1 
1912:	4 1 
1913:	2 1 1 
1914:	2 1 1 
1915:	2 1 
1916:	6 1 
1917:	1 4 
1918:	3 1 
1919:	4 
192:	3 2 2 
1920:	2 
1921:	6 
1922:	5 1 2 
1923:	4 
1924:	1 
1925:	5 
1926:	1 1 2 
1927:	1 6 6 
1928:	5 
1929:	1 4 1 3 
1930:	1 2 5 2 1 1 
1931:	3 1 1 1 1 2 
1932:	1 
1933:	2 1 1 
1934:	1 5 1 
1935:	1 3 1 3 1 
1936:	1 4 
1938:	5 
1939:	4 1 
1941:	2 
1942:	2 3 1 1 
1943:	3 
1944:	4 3 2 
1945:	4 
1946:	4 
1947:	3 1 1 1 1 2 
1948:	4 
1949:	6 2 2 1 
195:	2 
1950:	2 
1951:	4 2 
1952:	3 1 1 5 1 2 
1953:	1 1 5 2 1 
1954:	3 
1955:	2 2 1 
1956:	3 2 1 
1957:	4 3 1 4 1 1 
1958:	1 1 
1959:	5 
196:	4 1 1 2 2 1 
1960:	4 3 1 2 2 
1961:	3 
1962:	3 
1963:	4 2 
1964:	2 1 1 
1965:	3 
1966:	3 3 1 
1967:	4 3 1 
1968:	5 2 1 1 1 3 2 6 
1969:	5 
197:	5 2 2 
1970:	1 1 
1971:	6 1 1 2 1 
1972:	4 
1973:	3 1 
1974:	6 
1975:	1 3 
1976:	1 1 
1977:	1 1 2 1 1 1 1 
1978:	2 1 4 3 1 
1979:	4 1 2 
198:	4 1 3 
1980:	3 
1981:	1 1 
1982:	4 
1983:	3 
1984:	2 
1985:	1 1 
1986:	1 
1987:	1 2 5 
1988:	6 
1989:	3 
199:	2 6 
1990:	4 
1991:	2 4 1 
1992:	1 3 
1993:	1 2 
1994:	5 
1995:	2 1 4 
1996:	1 2 1 
1997:	2 
1998:	4 1 
1999:	3 
200:	1 2 18 4 3 
2000:	2 
2001:	5 
2002:	6 2 2 
2003:	3 
2004:	5 2 2 
2005:	3 1 1 
2006:	3 
2007:	3 
2008:	5 
2009:	2 9 1 1 1 3 11 3 1 1 2 
2010:	4 3 
2011:	1 3 4 1 1 1 1 
2012:	2 1 1 1 1 2 
2013:	2 1 
2014:	3 4 
2015:	4 1 2 1 
2016:	5 1 2 1 1 
2017:	1 
2018:	2 3 3 1 
2019:	4 1 2 2 3 1 1 
202:	4 1 
2020:	3 1 2 3 5 
2021:	4 1 1 1 1 
2022:	2 
2023:	6 
2024:	2 1 2 
2025:	2 
2026:	3 
2027:	8 5 1 
2028:	2 1 
2029:	5 2 1 2 1 2 6 3 3 
203:	1 
2030:	4 1 1 2 
2031:	2 1 1 1 
2032:	4 1 1 
2033:	5 
2034:	5 
2035:	4 1 
2036:	6 
2037:	4 1 1 2 2 1 1 2 
2038:	5 2 
2039:	3 1 1 4 1 
204:	2 1 
2040:	4 4 1 1 2 
2041:	8 
2042:	5 3 1 
2043:	2 
2044:	2 
2045:	4 
2046:	1 
2047:	2 1 2 
2048:	3 
2049:	3 1 
205:	1 1 1 2 1 
2050:	3 2 1 1 1 
2051:	3 5 1 
2052:	4 1 1 
2053:	7 2 1 1 1 1 2 1 1 1 1 
2054:	3 1 
2055:	3 2 
2056:	6 
2057:	5 1 
2058:	2 1 
2059:	2 3 1 
2060:	4 1 
2061:	3 
2062:	2 1 2 2 1 
2063:	3 1 
2064:	8 1 2 2 
2065:	3 
2066:	5 1 3 1 3 1 2 4 3 
2067:	2 
2068:	2 1 5 4 1 3 2 2 2 
2069:	3 
207:	2 1 
2070:	1 1 
2071:	1 
2072:	2 
2073:	1 
2074:	3 1 1 1 1 
2075:	6 
2077:	3 
2078:	6 1 2 
2079:	1 1 
208:	2 
2080:	1 
2081:	1 3 1 3 
2082:	1 1 
2083:	2 
2084:	5 1 1 
2085:	2 
2086:	4 
2087:	3 2 1 1 1 1 2 1 
2089:	6 1 1 
209:	10 2 1 1 3 1 
2090:	4 
2091:	3 
2092:	3 2 4 
2093:	5 
2094:	1 
2095:	3 2 
2096:	3 2 
2097:	2 
2098:	3 1 1 1 1 
2099:	3 
21:	3 
210:	3 2 1 
2100:	1 2 2 
2101:	2 1 1 2 2 2 
2102:	1 1 1 12 
2103:	2 
2104:	4 1 7 1 
2105:	2 1 1 5 4 
2106:	3 2 
2107:	6 
2108:	1 2 
2109:	3 2 1 2 1 
211:	2 2 3 1 
2110:	4 1 
2111:	3 6 
2112:	2 
2113:	1 6 2 1 
2114:	1 2 1 2 2 1 1 1 12 2 1 
2115:	3 1 1 1 
2116:	2 4 8 3 
2117:	3 1 
2118:	3 
2119:	1 8 1 1 1 2 
212:	4 4 
2120:	5 1 1 
2121:	4 1 1 1 2 
2122:	6 4 2 
2123:	1 1 5 
2124:	4 2 
2125:	3 
2126:	3 3 
2127:	4 
2128:	2 1 1 3 
2129:	2 4 2 1 1 1 
213:	5 
2130:	6 2 1 1 
2131:	11 2 
2132:	3 
2133:	2 5 1 15 2 
2134:	5 1 1 
2135:	4 2 1 1 1 
2136:	1 1 
2137:	3 1 3 
2138:	2 1 1 
2139:	1 2 2 2 
214:	3 
2140:	3 1 
2141:	3 
2142:	3 
2143:	3 
2144:	4 
2145:	1 
2146:	4 
2147:	3 1 1 
2148:	1 2 3 
2149:	2 
215:	1 3 1 1 2 1 2 
2150:	1 1 
2151:	8 2 1 9 1 1 2 1 
2152:	2 
2153:	4 2 2 
2154:	3 1 
2155:	6 
2156:	3 
2157:	4 
2158:	1 
2159:	4 4 2 
216:	3 1 1 
2160:	4 
2161:	12 1 
2162:	6 2 
2163:	1 
2164:	1 
2165:	2 1 2 4 6 
2166:	4 
2167:	3 2 
2168:	10 1 
2169:	2 1 1 
217:	5 2 1 1 
2170:	2 1 1 1 
2171:	4 
2172:	3 
2173:	2 
2174:	3 
2175:	2 1 
2176:	4 2 1 1 1 2 
2177:	3 2 
2178:	5 
2179:	6 2 3 2 
218:	2 
2180:	3 1 
2181:	6 3 1 1 2 
2182:	5 1 1 4 7 
2183:	3 1 1 
2184:	5 1 
2185:	2 1 2 
2186:	3 
2187:	5 1 1 
2188:	5 1 3 
2189:	2 1 
219:	3 1 
2190:	4 1 1 
2191:	2 
2192:	3 
2193:	1 1 
2194:	2 
2195:	4 
2196:	6 
2197:	7 1 1 1 4 
2198:	2 
2199:	7 1 1 1 1 1 
22:	1 1 
220:	1 1 
2200:	1 2 1 1 2 
2201:	3 1 
2202:	2 2 1 1 
2203:	5 
2204:	3 
2205:	2 1 
2206:	2 
2207:	2 1 1 
2208:	1 1 
2209:	1 2 
221:	2 2 1 
2210:	3 1 1 
2211:	3 
2212:	1 2 
2213:	3 1 1 1 5 9 3 3 
2214:	1 
2215:	2 1 1 5 
2216:	3 1 1 1 2 1 2 2 6 3 
2217:	2 1 
2218:	1 
2219:	6 
222:	1 
2220:	2 1 
2221:	2 
2222:	1 1 1 
2223:	5 1 1 
2224:	2 
2225:	3 1 
2226:	1 
2227:	2 1 1 
2228:	1 8 2 1 
2229:	2 
223:	2 1 1 
2230:	6 1 
2231:	1 
2232:	2 1 
2233:	3 2 2 4 
2234:	2 2 1 4 1 2 
2235:	1 4 2 1 
2236:	2 
2237:	2 1 1 1 2 1 
2238:	2 
2239:	3 2 
224:	2 2 
2240:	3 1 1 
2241:	2 2 1 
2242:	3 2 
2243:	1 1 1 
2244:	3 1 1 1 
2245:	3 
2246:	3 2 
2247:	4 1 2 1 1 3 
2248:	1 4 
2249:	4 6 5 
2250:	1 1 
2251:	3 1 3 2 
2252:	3 2 2 
2253:	1 
2254:	1 1 2 1 
2255:	1 1 
2256:	3 1 
2257:	6 1 1 
2258:	1 
2259:	4 1 1 
226:	2 1 
2260:	2 
2261:	1 1 1 
2262:	3 1 1 1 
2263:	1 1 1 1 1 
2264:	1 
2265:	2 
2266:	2 1 1 1 2 1 
2267:	3 2 
2268:	4 3 
2269:	6 1 1 2 
227:	6 2 1 1 
2270:	4 
2271:	6 2 1 
2272:	3 
2273:	2 3 
2274:	3 
2275:	4 1 
2276:	5 1 
2277:	2 1 1 1 
2278:	5 
2279:	2 
228:	5 2 1 
2280:	2 
2281:	2 
2282:	2 
2283:	4 
2284:	2 
2285:	2 1 2 6 1 3 
2286:	2 
2287:	5 4 2 2 
2288:	2 1 2 
2289:	4 2 1 2 3 
229:	1 
2290:	2 2 
2291:	3 
2292:	2 1 2 13 5 3 1 
2293:	1 
2294:	3 1 1 
2295:	3 2 
2296:	1 2 1 4 3 2 1 
2297:	4 1 1 
2298:	9 1 2 1 1 
2299:	3 2 4 2 3 
23:	3 2 
230:	6 1 
2300:	5 1 
2301:	8 1 2 1 2 1 
2302:	4 1 3 1 1 7 
2303:	4 1 1 1 
2304:	3 
2305:	3 1 
2306:	4 
2307:	3 1 
2308:	3 
2309:	2 1 1 
231:	2 
2310:	5 
2311:	2 1 
2312:	1 3 1 
2313:	1 2 3 3 
2314:	1 4 
2315:	3 
2316:	1 2 5 2 2 2 3 
2317:	1 1 1 1 
2318:	2 1 1 
2319:	1 4 1 1 
232:	5 3 
2320:	1 6 
2321:	1 1 
2322:	1 1 
2323:	5 
2324:	1 
2325:	2 2 
2326:	1 
2327:	2 
2328:	6 
2329:	3 2 2 1 9 
2331:	5 1 1 2 1 1 5 2 
2332:	3 
2333:	1 4 1 3 
2334:	1 1 4 
2335:	1 3 1 1 2 1 2 
2336:	1 5 1 
2337:	1 1 1 4 1 
2338:	1 3 
2339:	1 2 2 
234:	2 1 1 
2340:	1 
2341:	2 1 
2342:	1 2 1 1 
2343:	1 3 
2345:	1 2 1 2 2 
2346:	3 1 
2347:	1 1 1 1 1 1 1 1 1 
2348:	1 1 2 
235:	4 1 
2350:	1 1 1 
2351:	2 1 1 1 
2352:	1 
2353:	4 2 1 2 1 4 6 4 
2354:	2 
2355:	6 
2356:	1 1 1 1 2 
2357:	2 
2358:	3 1 
2359:	8 
236:	2 6 
2360:	4 1 
2361:	3 
2362:	3 
2363:	4 1 
2364:	4 2 2 2 1 
2365:	4 
2366:	4 2 1 1 
2367:	6 3 1 
2368:	3 1 
2369:	5 3 1 
237:	3 
2370:	6 
2371:	1 3 2 
2372:	1 5 2 1 1 1 7 
2373:	1 
2374:	3 2 
2375:	3 1 2 1 
2376:	1 2 
2377:	3 
2378:	1 1 1 3 
2379:	1 1 
238:	1 4 1 2 
2380:	5 1 
2381:	1 2 1 
2382:	5 
2383:	1 
2384:	4 1 1 
2385:	3 1 
2386:	6 1 2 
2387:	3 
2388:	2 3 2 
2389:	2 
239:	3 2 1 2 
2390:	3 
2391:	6 1 2 2 
2392:	2 2 2 
2393:	5 
2394:	3 2 
2395:	2 2 6 2 4 12 4 1 1 
2396:	2 1 1 5 
2397:	5 4 1 
2398:	1 2 1 
2399:	1 1 
24:	3 1 1 
240:	1 2 1 
2400:	6 1 
2401:	9 
2402:	4 1 
2403:	6 2 1 
2404:	3 1 1 1 2 1 
2405:	2 1 
2406:	3 
2407:	3 3 2 1 
2408:	5 1 2 
2409:	2 1 2 1 
241:	4 
2410:	1 3 3 
2411:	4 
2412:	6 1 1 1 
2413:	6 1 1 
2414:	4 
2415:	6 
2416:	3 
2417:	6 
2418:	3 1 
2419:	3 2 1 1 1 
242:	1 1 
2420:	6 
2421:	3 
2422:	7 2 
2423:	7 1 
2424:	4 1 2 
2425:	3 
2426:	5 1 
2427:	4 
2428:	2 
2429:	5 1 
243:	2 2 
2430:	7 1 
2431:	4 
2432:	3 5 
2433:	4 1 4 7 
2434:	2 
2435:	3 
2436:	2 
2437:	2 1 
2438:	4 1 1 1 
2439:	2 2 
244:	2 3 
2440:	5 
2441:	3 
2442:	4 1 
2443:	3 1 
2444:	2 
2445:	1 
2446:	3 
2447:	3 
2448:	3 
2449:	2 3 1 
245:	2 
2450:	8 
2451:	5 1 1 
2452:	1 1 
2453:	1 6 3 2 
2454:	1 4 2 2 2 1 1 2 1 
2455:	4 
2456:	3 
2457:	3 1 1 
2458:	2 1 1 
2459:	6 2 
246:	3 
2460:	1 1 
2461:	2 
2462:	2 
2463:	8 4 
2464:	1 1 2 
2465:	2 1 1 5 1 
2466:	2 
2467:	1 
2468:	2 4 1 
2469:	2 
247:	1 
2470:	1 
2471:	3 
2472:	1 1 
2473:	1 
2474:	1 
2475:	3 1 2 1 4 2 
2476:	3 12 3 1 
2477:	1 
2478:	2 2 1 
2479:	7 2 1 
2480:	3 
2481:	1 1 2 4 2 
2482:	1 2 
2483:	1 3 
2484:	1 2 
2485:	1 2 1 2 2 1 1 1 
2486:	1 4 6 3 1 3 
2487:	1 2 
2488:	1 2 2 
2489:	1 1 1 1 
249:	1 2 2 1 
2490:	1 4 
2491:	1 1 4 
2492:	1 1 2 
2493:	1 2 3 
2494:	1 3 1 1 2 
2495:	1 2 1 1 3 
2496:	2 4 
2497:	4 1 
2498:	4 
2499:	4 4 
250:	3 1 
2500:	6 1 
2501:	4 
2502:	5 
2503:	3 1 1 4 1 2 3 
2504:	3 1 1 1 4 4 
2505:	4 
2506:	2 
2507:	2 
2508:	4 1 
2509:	3 1 1 
251:	3 
2510:	4 3 
2511:	3 1 1 
2512:	3 2 
2513:	6 1 1 1 
2514:	4 
2515:	2 
2516:	4 
2517:	4 
2518:	2 1 1 1 
2519:	2 
252:	3 1 
2520:	3 1 
2521:	2 
2522:	1 1 1 
2523:	4 1 1 
2524:	4 2 
2525:	7 2 2 
2526:	1 1 3 2 1 2 4 4 1 
2527:	2 1 
2528:	3 
2529:	5 1 
253:	1 3 1 
2530:	4 
2531:	2 
2532:	1 12 2 4 
2533:	2 
2534:	5 1 
2535:	3 1 1 5 1 3 1 
2536:	4 3 2 2 
2537:	5 1 2 2 1 1 1 
2538:	3 1 
2539:	4 3 1 1 1 3 1 
2540:	4 5 
2541:	3 1 1 1 
2542:	5 
2543:	4 
2544:	1 3 2 
2545:	4 2 3 
2546:	5 1 3 2 1 3 2 2 1 
2547:	6 1 
2548:	5 1 1 1 1 1 6 
2549:	5 5 4 
255:	2 
2550:	2 
2551:	2 3 
2552:	4 1 
2553:	2 2 2 1 1 
2554:	3 
2555:	3 1 1 
2556:	1 1 
2557:	4 1 1 
2558:	3 
2559:	2 
256:	3 
2560:	3 2 1 
2561:	6 1 3 1 
2562:	7 
2563:	3 
2564:	5 
2565:	4 
2566:	3 1 
2567:	4 1 1 
2568:	3 1 
2569:	2 
257:	3 1 2 1 3 
2570:	3 3 2 
2571:	3 1 1 
2572:	8 1 
2573:	1 
2574:	5 1 2 
2575:	4 
2576:	2 
2577:	2 2 3 1 1 1 
2578:	4 
2579:	3 1 2 
258:	8 1 4 
2580:	1 1 1 
2581:	3 1 
2582:	3 
2583:	4 1 
2584:	4 1 1 1 3 
2585:	3 
2586:	2 1 1 1 
2587:	2 1 1 1 2 2 
2588:	2 1 1 1 1 2 
2589:	2 3 
259:	3 
2590:	3 4 
2591:	5 
2592:	2 
2593:	2 
2594:	5 2 
2595:	5 1 
2596:	4 2 
2597:	3 
2598:	2 
2599:	3 1 1 
260:	2 
2600:	4 4 2 1 
2601:	3 1 1 
2602:	7 
2603:	3 1 1 1 
2604:	4 
2605:	3 2 2 
2606:	2 1 
2607:	4 3 
2608:	3 
2609:	3 2 1 1 1 
261:	2 2 
2610:	1 6 1 1 1 1 3 
2611:	2 1 1 2 2 1 
2612:	6 
2613:	6 1 1 
2614:	2 1 
2615:	4 
2616:	1 1 
2617:	4 
2618:	4 1 1 
2619:	6 1 1 
262:	2 1 
2620:	1 
2621:	3 
2622:	7 3 1 
2623:	2 3 
2624:	1 2 2 
2625:	1 1 
2626:	1 3 1 2 
2627:	1 7 
2628:	2 1 1 
2629:	1 4 
263:	2 1 
2630:	1 2 
2631:	1 3 3 1 1 2 
2632:	1 1 1 1 1 1 1 3 13 5 1 4 
2633:	1 2 
2634:	1 3 
2635:	3 1 
2636:	1 19 2 2 1 
2637:	1 6 1 2 
2638:	1 4 2 1 
2639:	3 
264:	2 1 1 
2640:	1 4 
2641:	1 3 
2642:	4 1 1 2 1 
2643:	2 
2644:	3 2 2 1 1 1 2 3 1 
2645:	3 
2646:	1 1 
2647:	4 2 1 
2648:	5 
2649:	5 2 
265:	2 2 1 
2650:	2 1 3 
2651:	2 3 1 
2652:	1 
2653:	1 1 
2654:	3 
2655:	1 2 1 
2656:	1 5 1 1 
2657:	4 1 1 
2658:	5 1 3 3 3 2 
2659:	2 
266:	1 1 1 
2660:	2 
2661:	6 1 1 
2662:	8 1 16 1 1 1 5 
2663:	5 1 
2664:	3 2 2 1 3 
2665:	2 
2666:	5 1 3 2 1 8 1 1 16 1 
2667:	1 1 
2668:	9 
2669:	3 1 1 
267:	1 
2670:	4 
2671:	3 3 
2672:	2 2 1 
2673:	4 1 3 4 4 9 2 
2674:	3 3 
2675:	2 
2676:	4 1 
2677:	4 2 1 
2678:	1 2 
2679:	2 1 2 1 1 
268:	2 1 
2680:	3 
2681:	3 1 
2682:	2 
2683:	4 1 
2684:	4 
2685:	1 
2686:	2 
2687:	3 1 1 
2688:	3 
2689:	8 3 
269:	5 1 
2690:	3 
2691:	2 6 2 1 1 1 1 
2692:	5 1 
2693:	3 1 1 1 
2694:	2 
2695:	1 3 1 3 1 3 1 4 1 2 1 
2696:	3 
2697:	3 1 1 1 
2698:	1 
2699:	1 1 
2700:	4 4 1 
2701:	2 
2702:	3 1 1 1 
2703:	2 
2704:	2 1 1 
2705:	7 
2706:	2 1 1 1 1 2 1 1 2 
2707:	2 1 
2708:	17 1 1 3 
2709:	3 3 2 2 
2710:	3 1 1 
2711:	3 2 1 
2712:	2 1 1 1 
2713:	1 2 1 
2714:	1 
2715:	2 1 
2716:	3 2 1 1 1 4 
2717:	1 
2718:	1 1 
2719:	2 2 16 3 4 1 2 
272:	1 1 4 1 1 
2720:	1 
2721:	1 2 
2722:	1 
2723:	1 4 4 1 2 1 1 
2724:	3 
2725:	5 3 
2726:	2 
2727:	2 
2728:	2 6 1 
2729:	1 2 1 2 1 
2730:	3 1 
2731:	2 1 
2732:	2 
2733:	2 1 1 
2734:	4 4 
2735:	1 5 
2736:	2 1 
2737:	5 
2738:	2 1 
2739:	2 3 1 1 
274:	1 1 
2740:	2 
2741:	2 1 2 3 3 4 3 1 
2742:	6 
2743:	4 3 2 1 16 
2744:	3 4 1 1 1 
2745:	1 2 1 3 
2746:	2 1 
2747:	6 
2748:	2 2 
2749:	1 3 5 4 
275:	1 
2750:	6 
2751:	1 
2752:	4 2 2 
2753:	3 
2754:	3 
2755:	2 3 1 3 2 4 
2756:	4 
2757:	3 
2758:	3 2 2 
2759:	2 
276:	5 
2760:	2 
2761:	6 1 11 13 1 
2762:	2 5 1 1 
2763:	2 4 
2764:	6 1 
2765:	7 1 
2766:	4 
2767:	1 1 1 1 3 1 
2768:	2 1 1 
2769:	2 
277:	1 1 1 2 
2770:	3 3 1 
2771:	1 1 1 
2772:	6 
2773:	1 2 2 1 2 1 1 2 1 3 
2774:	2 
2775:	1 1 
2776:	5 
2777:	4 1 1 2 
2778:	3 1 1 2 1 2 1 
2779:	3 
278:	2 
2780:	3 2 
2781:	2 
2782:	1 2 1 4 2 1 1 
2783:	4 1 
2784:	1 
2785:	1 2 
2786:	1 7 2 10 
2787:	4 
2788:	2 2 
2789:	1 4 1 1 
279:	2 3 
2790:	1 3 
2791:	2 2 1 
2792:	1 5 2 1 7 3 
2793:	3 
2794:	8 1 
2795:	1 5 1 1 1 
2796:	5 1 1 
2797:	1 2 2 2 1 2 2 1 2 
2798:	1 
2799:	5 1 
28:	3 1 2 1 
280:	4 
2800:	2 
2801:	1 5 
2802:	2 1 
2803:	1 3 2 2 1 
2804:	1 
2805:	2 
2806:	1 1 1 1 2 1 
2807:	1 
2808:	1 2 
2809:	1 1 1 
281:	1 
2811:	2 1 1 
2812:	4 1 
2813:	1 3 
2814:	2 
2815:	1 1 
2816:	4 1 1 1 2 1 1 
2817:	5 1 9 5 3 
2818:	3 3 
2819:	2 1 
282:	3 1 
2820:	1 1 2 
2821:	1 2 2 2 1 
2822:	1 
2823:	4 
2824:	7 1 1 10 8 4 2 
2825:	3 1 
2826:	3 3 3 
2827:	4 2 
2828:	4 1 
2829:	3 3 1 1 1 
283:	6 
2830:	1 
2831:	4 1 
2832:	2 2 
2833:	1 3 1 1 
2834:	3 
2835:	1 
2836:	1 1 1 
2837:	1 5 1 1 2 3 1 7 3 12 1 
2838:	2 1 1 1 
2839:	1 1 
284:	6 1 1 1 
2840:	5 1 1 
2841:	3 
2842:	3 
2843:	4 
2844:	1 4 7 1 3 
2845:	1 2 1 1 2 4 3 2 2 
2846:	1 2 
2847:	3 
2848:	4 
2849:	5 
285:	2 2 2 1 2 
2850:	3 
2851:	2 1 1 1 
2852:	1 2 
2853:	1 1 1 
2854:	2 1 
2855:	2 1 1 1 
2856:	1 
2857:	1 5 
2858:	3 
2859:	1 8 
2860:	1 3 1 4 1 1 3 
2861:	5 
2862:	3 
2863:	3 1 
2864:	1 
2865:	4 1 
2866:	2 
2867:	1 
2868:	3 1 2 6 
2869:	4 3 2 1 1 1 1 
2870:	3 
2871:	6 1 
2872:	3 1 1 
2873:	3 1 
2874:	3 
2875:	5 1 
2876:	2 1 1 
2877:	4 1 2 
2878:	4 1 
2879:	8 
288:	4 
2880:	3 2 
2881:	3 
2882:	2 
2883:	3 1 
2884:	3 2 1 
2885:	2 5 2 1 
2886:	6 3 
2887:	7 1 
2888:	4 1 1 
2889:	8 1 1 
289:	3 5 1 1 3 1 
2890:	2 1 3 
2891:	1 1 1 1 
2892:	2 1 
2893:	4 1 2 
2894:	3 
2895:	4 2 
2896:	3 1 
2897:	4 1 3 
2898:	4 3 
2899:	3 1 1 
290:	4 2 2 
2900:	3 
2901:	3 
2902:	4 
2903:	5 
2904:	1 4 1 
2905:	2 1 
2906:	2 1 
2907:	2 4 2 1 2 6 1 
2908:	2 
2909:	6 1 
291:	2 1 
2910:	2 1 
2911:	3 2 2 
2912:	2 2 1 
2913:	4 
2914:	2 1 
2915:	1 4 2 1 
2916:	5 2 
2917:	2 5 
2918:	4 1 4 4 1 
2919:	2 1 1 
292:	1 1 1 
2920:	3 1 
2921:	5 1 1 2 
2922:	3 
2923:	6 1 1 2 1 
2924:	3 1 
2925:	2 1 2 
2926:	3 2 1 1 1 1 
2927:	2 
2928:	3 
2929:	3 
293:	2 
2930:	4 1 7 2 6 
2931:	4 1 1 1 
2932:	4 1 
2933:	3 1 
2934:	4 
2935:	6 2 2 
2936:	2 
2937:	1 
2938:	8 
2939:	2 4 
294:	11 1 2 1 
2940:	2 1 
2941:	4 1 3 2 1 2 1 
2942:	7 
2943:	5 1 1 1 
2944:	2 1 
2945:	4 1 3 1 
2946:	6 1 3 2 
2947:	1 6 2 2 3 
2948:	9 3 1 1 2 
2949:	5 1 3 1 
2950:	3 1 2 
2951:	2 1 1 2 
2952:	2 4 
2953:	3 
2954:	5 2 1 
2955:	3 
2956:	3 1 
2957:	2 
2958:	6 1 1 2 4 
2959:	3 2 
2960:	2 1 
2961:	2 
2962:	5 1 1 11 2 1 
2963:	7 1 2 
2964:	3 2 
2965:	2 2 
2966:	5 
2967:	5 
2968:	3 
2969:	2 
2970:	1 
2971:	1 
2972:	1 1 1 
2973:	3 1 1 
2974:	2 
2975:	3 
2976:	1 1 1 
2977:	1 1 
2978:	3 1 
2979:	1 1 1 1 1 
298:	2 
2980:	1 2 1 1 1 3 
2981:	2 
2982:	1 
2983:	1 
2984:	1 
2985:	1 1 1 1 
2986:	2 1 1 
2987:	2 1 
2988:	1 2 22 2 2 2 7 1 1 1 
2989:	2 1 1 2 
299:	3 1 1 4 
2990:	1 
2991:	1 1 1 
2992:	3 1 5 
2993:	3 1 1 
2994:	2 1 2 1 
2995:	2 1 1 2 
2996:	2 2 
2997:	1 2 
2998:	4 1 4 3 2 
2999:	3 
3:	3 
300:	2 1 1 1 
3000:	2 1 5 
3001:	3 
3003:	3 1 1 
3004:	3 1 
3005:	1 1 1 2 1 
3006:	2 1 2 5 
3007:	2 1 1 
3008:	3 1 
3009:	1 1 
301:	3 
3010:	1 3 
3011:	7 1 
3012:	1 1 1 1 
3013:	3 
3014:	6 1 
3015:	2 2 2 6 2 
3016:	1 
3017:	1 2 
3018:	4 
3019:	1 3 
302:	3 
3020:	3 1 
3021:	1 1 
3022:	3 1 1 2 2 1 1 
3023:	1 5 
3024:	1 5 4 
3025:	1 2 
3026:	1 
3027:	1 4 2 1 1 
3028:	1 3 1 6 
3029:	1 
303:	1 2 
3030:	1 2 
3031:	1 
3032:	3 
3033:	1 5 1 1 
3034:	1 1 1 
3035:	1 1 2 2 
3036:	1 3 1 2 5 
3037:	1 2 1 1 8 2 
3038:	1 1 2 
3039:	1 2 1 1 1 2 
304:	2 1 1 1 
3040:	2 
3041:	2 4 3 1 2 
3042:	4 1 
3043:	2 
3044:	3 1 1 
3045:	2 4 3 1 
3046:	4 
3047:	2 
3048:	5 
3049:	4 1 2 
305:	5 1 2 
3050:	2 
3051:	1 4 1 1 
3052:	3 
3053:	3 2 
3054:	1 1 1 1 
3055:	4 1 1 2 1 1 
3056:	5 
3057:	2 
3058:	2 2 
3059:	5 
306:	1 
3060:	2 
3061:	2 
3062:	4 
3063:	2 1 
3064:	6 1 1 2 15 4 2 
3065:	3 
3066:	1 1 1 
3067:	3 
3068:	3 2 2 
3069:	2 4 1 1 
307:	3 
3070:	2 1 
3071:	1 2 1 1 1 
3072:	3 5 2 
3073:	4 3 2 
3074:	1 7 4 1 
3075:	3 
3076:	3 1 1 1 2 
3077:	3 1 
3078:	3 
3079:	1 2 
308:	4 1 2 
3080:	6 2 2 1 1 1 1 
3081:	1 
3082:	3 
3083:	3 1 
3084:	4 
3085:	1 
3086:	2 2 
3087:	4 
3088:	2 1 1 2 
3089:	3 
309:	1 
3090:	3 
3091:	4 3 
3092:	1 1 1 1 1 6 2 
3093:	3 1 
3094:	3 1 1 
3095:	5 
3096:	1 2 
3097:	6 
3098:	3 1 1 
3099:	4 
31:	2 
310:	1 3 
3100:	4 1 
3101:	2 1 
3102:	2 1 
3103:	3 1 1 
3104:	3 1 1 1 
3105:	4 3 2 1 
3106:	2 
3107:	4 5 
3108:	2 
3109:	2 
311:	1 
3110:	2 3 1 
3111:	3 
3112:	3 1 15 12 2 5 1 1 2 
3113:	10 
3114:	3 
3115:	6 
3116:	4 1 2 1 
3117:	5 2 
3118:	3 
3119:	4 
312:	1 
3120:	4 1 
3121:	3 2 1 1 3 
3122:	3 
3123:	3 
3124:	6 1 1 
3125:	7 1 1 3 1 
3126:	5 1 
3127:	3 1 1 1 2 
3128:	3 3 1 1 
3129:	5 1 2 5 1 
3130:	7 3 1 
3131:	4 
3132:	3 1 1 
3133:	4 1 4 2 1 
3134:	2 
3135:	2 1 
3136:	2 
3137:	6 1 1 
3138:	4 
3139:	9 
3140:	2 2 2 
3141:	1 3 1 
3142:	6 3 2 1 
3143:	1 4 
3144:	4 3 
3145:	3 1 
3146:	3 4 4 
3147:	2 
3148:	3 1 
3149:	2 
3150:	2 
3151:	3 
3152:	3 
3153:	2 
3154:	5 
3155:	3 4 2 2 
3156:	3 4 1 
3157:	2 2 
3158:	2 
3159:	4 1 1 2 1 
316:	3 
3160:	3 2 1 1 1 
3161:	4 
3162:	3 4 3 
3163:	5 1 
3164:	3 
3165:	2 
3166:	4 1 1 1 2 
3167:	3 
3168:	3 5 2 
3169:	3 1 1 1 2 
317:	3 1 1 2 1 
3170:	2 
3171:	2 
3172:	3 
3173:	2 1 
3174:	4 1 2 
3175:	4 2 1 3 
3176:	1 1 
3177:	2 2 3 2 
3178:	4 1 1 1 
3179:	1 1 
318:	2 1 
3180:	3 1 
3181:	1 
3182:	1 1 2 1 1 
3183:	3 1 
3184:	5 1 1 
3185:	3 1 2 1 1 9 3 2 2 
3186:	7 2 
3187:	7 2 3 1 
3188:	2 1 
3189:	1 
319:	2 1 1 
3190:	6 
3191:	1 2 5 
3192:	2 
3193:	3 
3194:	3 1 
3195:	4 1 
3196:	4 1 1 
3197:	3 1 3 1 1 
3198:	5 
3199:	4 1 1 
32:	4 1 
320:	3 3 
3200:	2 1 
3201:	7 1 1 2 
3202:	4 2 
3203:	1 
3204:	1 3 1 
3205:	3 1 1 
3206:	1 1 1 
3207:	1 
3208:	2 1 1 1 1 2 
3209:	2 5 2 1 2 5 1 4 
321:	2 
3210:	1 1 
3212:	2 1 
3213:	5 1 
3214:	2 1 1 1 
3215:	1 2 1 
3216:	5 3 2 
3217:	2 2 2 1 
3218:	2 
3219:	1 1 
322:	1 2 
3220:	1 
3221:	2 
3222:	1 
3223:	1 1 
3224:	1 
3225:	1 1 
3226:	2 
3228:	1 
3229:	3 1 
323:	3 7 
3230:	1 1 
3231:	2 1 
3232:	2 
3233:	2 1 2 
3234:	1 1 1 
3235:	1 8 1 4 1 6 
3236:	1 3 1 
3237:	1 
3238:	1 2 3 
3239:	3 2 1 1 
3240:	7 6 3 2 1 4 
3241:	2 
3242:	3 1 
3243:	6 
3244:	2 1 3 3 
3245:	3 1 1 
3246:	6 1 1 
3247:	7 
3248:	3 1 1 1 2 3 
3249:	4 2 1 1 1 
325:	4 1 1 6 
3250:	4 1 2 
3251:	9 2 
3252:	3 2 1 
3253:	4 1 
3254:	2 1 
3255:	4 2 
3256:	1 4 1 1 
3257:	4 1 
3258:	4 
3259:	6 
326:	6 
3260:	7 1 
3261:	5 1 2 1 1 1 2 5 4 3 
3262:	1 6 1 1 13 1 2 
3263:	2 1 3 
3264:	1 1 
3265:	3 
3266:	3 
3267:	2 
3268:	7 
3269:	1 2 1 1 1 
327:	3 2 2 1 2 1 1 2 
3270:	2 1 1 
3271:	2 1 1 
3272:	2 1 
3273:	2 
3274:	3 
3275:	6 3 4 1 2 
3276:	1 
3277:	4 2 1 2 1 1 
3278:	2 1 
3279:	2 
328:	2 
3280:	1 5 1 
3281:	1 1 1 
3282:	2 
3283:	2 1 1 
3284:	3 1 1 3 
3285:	2 3 
3286:	3 1 2 
3287:	2 1 1 2 
3288:	2 1 4 1 
3289:	3 2 
329:	1 3 3 
3290:	4 1 
3291:	1 1 
3292:	2 1 
3293:	6 
3294:	1 1 1 2 
3295:	3 1 3 2 2 3 2 2 
3296:	1 
3297:	4 2 
3298:	4 
3299:	4 4 2 
33:	4 1 2 1 
330:	3 
3300:	6 1 1 1 
3301:	2 2 
3302:	3 
3303:	5 1 2 2 4 1 
3304:	7 1 
3305:	1 3 5 8 
3306:	1 1 
3307:	3 
3308:	1 3 
3309:	3 
331:	3 2 
3310:	1 4 1 
3311:	1 4 
3312:	2 2 
3313:	1 1 1 
3314:	4 2 
3315:	2 
3316:	2 1 
3317:	4 1 
3318:	4 1 1 2 2 
3319:	2 3 1 6 1 1 1 
332:	3 1 2 
3320:	2 2 1 2 1 
3321:	1 1 1 1 
3322:	1 1 1 
3323:	3 3 2 1 1 
3324:	1 
3325:	2 1 
3326:	3 
3327:	2 1 1 1 
3328:	1 
3329:	2 3 1 3 1 1 2 2 1 1 
333:	2 
3330:	2 2 
3331:	5 1 
3332:	2 
3333:	4 2 1 2 1 
334:	2 3 1 1 
335:	2 2 
336:	6 3 
337:	1 4 
338:	2 
339:	2 2 1 3 2 3 1 1 1 
340:	2 
341:	4 
342:	2 
345:	1 4 
346:	4 
347:	1 
348:	5 1 2 
349:	5 2 1 
35:	2 
350:	3 1 2 
354:	3 
355:	1 
356:	4 2 1 
357:	3 1 1 8 1 
36:	1 
360:	2 
361:	3 1 2 
362:	1 1 3 1 
364:	2 
365:	1 4 1 2 1 1 3 
366:	2 1 
367:	2 1 1 2 
368:	2 3 
369:	2 1 1 18 7 3 1 
37:	2 2 
370:	7 3 1 
371:	4 
373:	2 1 1 1 1 1 
374:	4 1 7 5 
375:	3 17 2 1 
376:	4 1 2 
377:	3 5 
378:	3 1 2 1 2 1 1 5 
379:	3 
38:	3 
380:	1 2 1 
381:	3 
382:	4 
383:	3 1 
384:	4 1 
385:	6 1 
386:	3 
387:	5 2 2 2 2 
388:	2 1 1 1 1 1 
389:	2 
39:	3 1 2 
390:	7 2 1 2 1 
391:	8 1 
394:	2 3 
397:	2 3 1 2 
398:	2 2 1 1 1 1 1 
399:	1 
40:	2 
400:	2 2 
401:	3 
402:	4 
403:	3 1 
404:	4 
405:	2 2 
406:	5 2 
407:	2 1 2 3 
408:	2 
409:	2 1 1 2 1 
41:	3 
410:	2 
411:	3 
412:	3 2 2 1 11 1 1 
413:	1 2 2 1 
414:	4 1 
415:	4 1 
416:	1 
417:	1 3 
418:	2 
419:	2 
42:	4 
420:	1 1 1 1 
421:	4 
422:	3 
423:	6 1 
424:	2 
425:	3 1 1 
426:	4 1 1 1 
427:	3 
428:	2 1 1 
429:	4 1 
43:	2 
430:	2 2 1 1 
431:	3 
432:	1 1 
433:	1 1 
434:	2 
435:	4 2 1 1 
436:	3 
437:	8 2 2 1 
438:	10 
439:	3 2 2 
440:	3 2 6 4 9 1 1 3 1 1 
441:	5 
442:	3 
443:	2 
444:	2 2 1 1 2 
445:	3 2 2 
446:	4 
447:	4 
448:	2 3 1 2 2 
449:	1 3 2 
450:	3 
451:	3 1 
452:	6 1 
453:	5 1 1 1 1 1 5 
454:	2 
455:	3 1 
456:	7 
457:	5 1 
459:	3 1 
46:	2 1 
461:	2 2 1 
462:	4 2 1 1 2 3 
463:	2 2 
464:	2 1 1 1 1 
465:	3 1 1 2 1 21 
466:	3 
467:	3 
468:	5 1 1 2 1 1 1 5 
469:	2 
47:	1 
470:	3 
471:	2 
472:	2 5 1 
473:	4 2 4 
474:	4 1 
475:	3 1 
476:	4 
477:	3 1 2 
478:	5 1 
482:	7 
483:	3 2 
484:	3 2 
485:	2 1 1 
486:	4 1 1 
487:	9 
488:	1 1 
489:	3 
490:	3 2 
491:	2 3 
492:	6 
493:	5 1 1 2 1 2 2 
494:	3 1 1 
495:	6 4 
496:	5 2 
497:	3 
498:	1 1 
499:	5 2 
5:	1 1 1 2 1 
50:	4 14 1 1 2 
500:	5 
501:	5 14 
502:	2 1 
503:	3 2 
504:	4 2 
505:	5 1 1 1 1 
506:	6 1 1 3 1 21 2 6 3 
507:	2 2 
508:	4 1 2 1 1 4 5 2 
509:	1 1 
51:	1 2 1 
510:	1 
511:	4 
512:	1 
513:	5 3 2 32 
514:	8 
515:	1 1 2 
516:	2 
517:	5 
518:	5 
519:	3 
52:	3 
520:	2 1 
521:	3 1 
522:	2 
523:	1 2 
524:	1 1 1 3 
525:	2 
526:	2 
527:	2 1 2 
528:	2 1 
529:	2 2 
530:	4 
531:	4 1 1 1 
532:	1 1 2 1 1 5 5 6 1 2 4 2 
533:	6 1 3 2 
534:	3 1 1 
535:	5 1 
536:	8 1 
537:	2 
538:	1 2 
539:	1 
540:	1 1 
541:	3 2 
542:	2 
543:	2 2 1 2 
544:	6 
545:	3 
546:	5 1 3 
547:	2 2 2 1 1 1 
548:	5 
549:	3 1 2 1 
550:	2 2 
551:	1 
552:	1 
553:	1 
554:	1 1 
556:	2 
558:	8 3 1 
559:	3 
56:	1 1 1 
560:	6 1 1 11 3 4 
561:	5 1 2 
562:	4 2 
563:	6 
564:	3 
565:	2 3 5 
566:	4 1 2 
567:	4 
568:	2 
569:	7 2 
57:	2 1 2 
570:	3 3 
571:	1 
572:	4 
573:	1 
574:	4 
575:	3 1 
576:	4 
577:	2 1 1 
578:	4 1 
579:	4 
580:	5 1 
581:	4 
582:	4 
583:	6 
584:	1 1 3 
585:	4 3 1 2 2 2 
586:	2 1 
587:	6 1 2 1 
588:	3 4 1 1 
589:	1 
590:	4 1 2 1 4 
591:	12 3 
592:	2 
593:	3 7 
594:	2 3 
595:	2 1 1 1 
596:	4 
597:	5 
598:	4 3 8 2 5 
599:	7 1 1 1 
600:	3 
601:	5 5 11 
602:	3 3 1 1 
603:	5 1 
604:	2 
605:	1 
606:	4 
607:	4 3 2 4 2 9 
608:	4 
609:	1 1 
61:	4 1 1 2 1 
610:	9 4 1 
611:	5 16 3 
612:	5 1 2 1 
613:	2 
614:	1 
615:	8 
616:	1 1 1 1 2 
617:	1 3 1 
618:	6 2 1 2 
619:	5 1 
62:	1 1 1 1 1 
620:	5 1 
621:	1 
622:	3 4 
623:	3 1 
624:	3 1 
625:	3 
626:	2 
627:	2 1 
628:	2 1 
629:	7 
630:	1 3 3 1 2 
631:	4 1 1 
632:	5 2 
633:	5 1 
634:	4 2 
635:	4 
636:	3 1 
637:	5 
638:	5 1 2 
639:	6 
64:	2 1 
640:	6 1 
641:	3 2 2 1 
642:	4 
643:	4 2 16 1 
644:	2 2 1 
645:	2 
646:	1 1 
647:	4 1 1 
648:	2 
649:	8 
65:	1 1 
650:	9 1 1 
651:	4 1 1 1 1 
652:	6 
653:	4 1 
654:	2 
655:	1 
656:	2 1 
657:	1 
658:	3 6 2 1 7 
659:	9 1 1 1 1 
660:	2 2 
661:	1 
662:	2 1 
663:	1 5 2 1 
664:	1 3 1 1 
665:	10 1 1 1 
666:	1 1 
667:	6 
668:	1 1 2 
669:	5 2 1 1 1 
67:	2 
670:	4 
671:	3 
672:	6 1 1 3 
673:	2 1 
674:	4 
675:	3 1 
676:	5 1 2 
677:	4 1 2 
678:	2 1 2 1 1 
679:	4 
68:	3 2 1 
680:	5 2 1 
681:	1 
682:	4 3 
683:	4 
686:	1 
687:	2 1 
688:	2 1 
689:	1 2 
69:	1 1 
690:	2 1 13 2 
691:	2 2 1 1 
692:	2 3 1 1 6 
693:	3 2 1 
694:	4 
695:	2 2 1 1 1 2 
696:	2 
697:	1 1 1 
698:	1 2 1 
699:	4 
70:	2 
700:	4 1 
701:	3 
702:	1 3 1 1 3 1 1 2 3 2 1 
703:	2 1 2 
704:	3 
705:	3 1 
706:	3 1 1 1 2 
707:	2 
708:	6 
709:	8 1 14 3 
71:	1 
710:	1 1 
711:	3 2 
712:	7 1 3 1 3 4 
713:	1 2 5 
714:	3 1 
715:	5 
716:	1 
717:	2 3 1 3 
718:	4 
719:	5 2 2 
72:	2 1 2 7 
720:	3 
721:	3 
722:	4 3 1 
723:	4 2 
724:	3 2 
725:	1 3 2 1 4 
726:	1 2 
727:	3 
728:	4 
729:	3 
73:	1 2 
730:	6 1 2 
731:	2 1 1 1 
732:	1 
733:	3 
734:	4 1 
735:	7 2 
736:	8 1 2 4 2 2 2 
737:	3 2 1 
738:	4 1 1 
739:	2 1 3 1 2 
74:	2 1 
740:	1 1 1 
741:	1 
742:	2 
743:	4 2 
744:	2 1 
745:	4 1 
746:	5 1 1 1 2 6 2 1 6 1 
747:	6 1 
748:	2 1 
749:	1 
75:	2 
750:	3 2 2 1 2 2 1 1 
751:	4 
752:	4 
753:	7 
754:	2 1 1 
755:	1 1 1 1 6 
756:	2 
757:	3 
758:	3 1 
759:	3 2 
76:	4 
760:	7 1 
761:	4 5 2 2 
762:	3 1 1 
763:	2 
764:	2 3 
765:	5 1 
766:	1 1 
767:	4 
768:	1 2 
769:	3 
77:	8 
770:	3 1 1 
771:	3 
772:	4 
773:	4 
774:	4 2 1 
775:	3 3 1 2 
776:	5 1 2 1 
777:	2 2 1 1 
778:	5 
779:	3 
78:	4 
780:	5 2 2 
781:	4 1 
782:	3 
783:	6 1 1 
784:	4 4 2 
785:	1 5 1 4 
786:	1 2 1 1 1 
787:	6 1 
788:	4 2 
789:	3 
79:	5 
790:	5 3 2 
791:	4 1 
792:	3 1 
793:	3 
794:	3 7 
795:	2 2 1 
796:	5 2 2 1 
797:	2 1 7 5 1 1 2 
798:	3 1 1 1 
799:	1 1 
80:	2 2 1 2 2 2 
800:	1 4 1 1 
801:	2 
802:	6 1 
804:	1 
806:	1 5 1 1 2 1 1 
807:	5 1 4 
808:	1 2 1 2 1 1 1 3 
809:	2 
81:	2 3 
810:	1 1 4 1 
811:	1 
812:	4 
813:	1 
814:	5 
815:	2 3 
816:	1 
817:	5 1 1 1 1 
818:	5 
819:	6 1 2 
82:	1 1 
820:	2 2 1 2 
821:	2 
822:	5 2 2 
823:	5 1 1 1 11 2 
824:	1 2 1 
825:	6 1 8 1 
826:	6 1 3 
827:	3 
828:	1 1 1 1 1 
829:	3 1 
83:	1 
830:	5 2 1 
832:	8 2 
833:	3 
834:	4 
835:	2 1 1 
836:	4 1 1 
837:	10 
838:	3 2 1 
839:	5 3 
84:	1 3 1 
840:	3 1 
841:	3 6 3 2 2 3 1 
842:	3 1 1 4 1 
843:	3 2 
844:	2 1 4 2 2 2 
845:	2 
846:	2 1 1 
847:	2 1 
848:	6 2 
849:	2 1 9 
85:	1 
850:	3 2 1 3 1 
851:	3 6 3 1 3 
852:	2 
853:	2 1 
854:	2 1 
855:	1 
856:	1 4 1 
857:	1 1 1 1 
858:	1 
859:	1 3 
86:	1 1 
860:	6 1 1 1 5 
861:	2 4 
862:	1 1 1 1 
863:	2 3 
864:	2 
865:	3 
866:	2 
867:	3 1 
868:	5 
869:	3 
87:	3 
870:	5 1 2 
871:	6 1 7 
872:	2 2 4 
873:	1 1 
874:	1 3 
875:	2 
876:	4 1 1 
877:	4 5 4 2 3 
878:	3 1 1 
879:	1 2 1 1 1 
88:	6 2 
880:	5 3 1 
881:	3 
882:	1 
883:	1 
884:	1 1 1 2 2 1 1 
885:	3 12 1 1 6 2 2 
886:	3 1 1 1 
887:	2 1 10 6 1 2 
888:	2 
889:	3 1 3 1 1 1 
89:	3 5 3 
890:	1 
891:	1 2 
892:	1 2 1 
893:	4 1 1 1 1 1 
894:	6 3 8 6 5 3 5 
895:	4 1 1 
896:	6 
897:	4 1 1 1 
898:	4 
899:	3 1 1 
9:	3 2 1 1 1 5 2 2 
90:	5 
900:	2 3 
901:	2 2 
902:	2 1 
903:	4 1 
904:	1 
905:	3 
906:	1 2 
907:	1 
908:	1 1 2 1 9 1 1 7 
909:	4 
91:	4 
910:	2 2 33 1 1 1 1 
911:	5 1 1 
912:	1 10 1 1 1 1 
913:	1 1 7 
914:	2 1 
915:	4 3 
916:	3 1 
917:	4 2 1 
918:	1 
92:	3 3 
921:	2 
922:	3 3 2 1 2 
923:	3 1 
924:	1 
927:	2 2 1 2 
928:	2 1 5 
929:	2 2 
93:	3 1 1 
930:	2 
931:	3 3 1 
932:	1 
933:	1 3 1 1 
934:	3 2 
935:	4 3 
936:	1 
937:	2 
938:	5 1 1 
939:	2 
94:	2 2 1 
940:	2 2 3 
941:	3 1 1 1 
943:	2 2 2 
944:	3 1 
945:	3 
946:	2 5 1 1 5 
947:	1 
948:	4 2 3 1 2 
949:	4 1 1 2 
95:	3 
950:	2 
951:	4 2 2 1 2 1 1 
952:	1 
953:	2 1 4 4 
954:	2 
955:	5 1 
956:	5 1 1 
957:	2 
958:	1 2 2 
96:	1 2 1 
960:	5 1 
961:	3 1 1 1 
962:	2 1 
963:	4 3 
964:	6 1 
965:	5 
966:	5 3 1 2 1 
967:	3 1 
968:	1 
969:	1 10 
97:	1 1 2 2 
970:	1 2 2 6 
971:	1 
972:	4 1 
973:	2 
974:	2 
975:	9 
976:	1 
977:	2 1 3 11 1 
978:	3 2 
979:	2 
98:	3 
980:	3 2 1 1 1 1 1 
981:	1 
982:	2 2 
983:	3 2 1 1 
984:	4 4 3 1 
985:	4 
986:	3 
987:	2 
988:	1 2 4 1 
989:	6 
99:	3 
990:	3 
991:	4 
992:	5 
993:	6 2 
994:	1 2 
995:	3 1 
996:	2 1 
997:	5 2 
998:	3 1 1 1 2 
999:	2 
